#Rank	Path	LengthInKmers	Flows
2	2	5260	3
2	1000002	3222	2
1	1	7278	3
2	2000002	2949	2
0	0	11714	3
3	3	11641	3
2	3000002	2982	3
2	4000002	2775	3
1	1000001	5924	2
3	1000003	7419	3
2	5000002	3387	3
0	1000000	7264	3
2	6000002	6859	3
2	7000002	2682	2
1	2000001	10323	3
2	8000002	3779	2
0	2000000	10842	3
3	2000003	12466	3
0	3000000	4067	3
2	9000002	6477	3
0	4000000	3975	3
3	3000003	6068	3
2	10000002	2602	3
1	3000001	7672	3
0	5000000	4336	3
2	11000002	2415	2
2	12000002	3364	3
2	13000002	2280	3
3	4000003	8716	3
0	6000000	4285	3
2	14000002	2441	3
1	4000001	5067	3
2	15000002	2196	2
0	7000000	2644	3
1	5000001	3336	3
0	8000000	2447	3
3	5000003	6205	3
1	6000001	2857	2
1	7000001	2790	2
2	16000002	3396	3
0	9000000	2469	3
1	8000001	3317	3
2	17000002	2186	3
0	10000000	2393	3
2	18000002	1940	2
2	19000002	1915	2
2	20000002	1841	2
3	6000003	4519	3
0	11000000	2451	3
2	21000002	2131	2
0	12000000	2110	2
1	9000001	3130	3
2	22000002	1880	3
0	13000000	2084	2
2	23000002	1797	2
3	8000003	3506	3
2	25000002	1730	2
0	14000000	2458	2
1	10000001	2939	3
2	26000002	1725	2
0	15000000	2002	2
3	9000003	3314	2
1	11000001	2818	2
0	16000000	2232	2
1	12000001	2390	2
0	17000000	1888	2
2	27000002	3006	3
1	13000001	2361	2
0	18000000	1893	2
3	10000003	3275	3
2	28000002	1693	2
0	19000000	1896	3
3	13000003	3001	2
0	20000000	1829	2
2	29000002	2333	2
3	14000003	2948	2
0	21000000	1827	3
2	30000002	2089	3
1	14000001	5367	3
0	22000000	1764	2
2	31000002	1631	2
0	23000000	1753	2
2	32000002	2046	2
1	15000001	2212	2
0	24000000	1732	2
2	33000002	1613	2
0	25000000	1682	3
2	34000002	1665	2
3	15000003	3864	3
1	16000001	2798	3
2	35000002	1590	3
3	16000003	2551	2
1	17000001	2147	2
2	36000002	1569	2
2	37000002	1567	3
1	18000001	2469	3
2	38000002	1546	2
0	26000000	3023	3
2	39000002	1541	2
0	27000000	1655	2
1	19000001	2099	3
2	40000002	1541	3
1	20000001	1823	2
3	17000003	2716	3
0	28000000	1907	3
0	29000000	1999	2
1	21000001	1802	2
2	41000002	2264	3
1	22000001	1895	3
2	42000002	1631	2
3	18000003	2939	3
1	23000001	1691	2
2	43000002	1757	2
3	19000003	2308	2
2	44000002	1670	3
1	24000001	2571	3
0	30000000	3682	3
0	31000000	1583	2
3	20000003	2310	3
2	45000002	1434	3
1	25000001	1897	3
3	21000003	2389	2
0	33000000	1577	3
2	46000002	1524	3
1	26000001	1642	2
3	22000003	2135	2
0	34000000	1525	3
1	27000001	1787	2
2	47000002	1767	3
0	35000000	1519	2
1	28000001	1802	2
0	36000000	1614	3
1	29000001	1576	2
2	48000002	1439	3
0	37000000	1506	2
1	30000001	1550	3
2	50000002	1651	2
0	38000000	1503	2
2	51000002	1340	2
0	39000000	1497	2
1	31000001	1768	3
2	52000002	1308	2
0	40000000	1494	2
1	32000001	1515	2
0	41000000	1472	2
2	53000002	1733	3
0	42000000	1470	2
1	33000001	1509	3
0	43000000	1464	2
2	54000002	1299	3
3	23000003	5167	3
2	55000002	1277	2
1	34000001	1823	3
1	35000001	1495	2
0	44000000	2173	3
2	56000002	1685	3
1	36000001	1490	2
3	25000003	2196	3
0	45000000	1446	2
2	57000002	1310	2
1	37000001	1861	2
3	26000003	2099	2
1	38000001	1460	2
2	58000002	1542	3
1	39000001	1457	2
3	27000003	2008	2
2	59000002	1264	2
0	46000000	1489	3
1	40000001	1434	2
0	47000000	1428	2
2	60000002	1356	3
3	28000003	2528	2
1	41000001	1555	3
3	29000003	1941	2
0	48000000	1939	3
2	61000002	1234	3
2	62000002	1227	2
1	42000001	1590	3
0	49000000	1413	2
3	30000003	1924	3
2	63000002	1239	3
1	43000001	1417	3
0	50000000	1413	3
2	64000002	1173	2
1	44000001	1405	2
0	51000000	1401	2
3	31000003	1950	3
2	65000002	1169	2
0	52000000	1420	2
2	67000002	1164	2
1	46000001	1426	3
2	68000002	1162	2
3	33000003	1871	3
0	53000000	1766	3
2	69000002	1162	2
3	34000003	1807	2
1	47000001	2171	3
0	54000000	1665	3
2	70000002	1968	3
3	35000003	1757	2
1	48000001	1478	3
2	71000002	1152	2
0	55000000	1411	2
2	72000002	1150	2
3	36000003	1986	2
0	56000000	1352	2
1	49000001	2189	3
0	57000000	1346	2
2	73000002	1385	3
3	37000003	2039	3
1	50000001	1303	2
2	74000002	1180	2
0	58000000	1346	3
1	51000001	1292	2
2	75000002	1126	2
3	38000003	1600	3
0	59000000	1344	2
1	53000001	1268	2
3	39000003	1596	2
2	76000002	1125	3
0	60000000	1339	3
1	54000001	1816	2
0	61000000	1326	2
3	40000003	1629	3
1	56000001	1465	2
2	77000002	1195	3
1	57000001	1265	2
3	41000003	1583	2
0	62000000	1444	3
2	78000002	1388	3
3	42000003	1582	2
1	58000001	1212	3
0	63000000	1314	3
2	79000002	1339	3
1	59000001	1267	3
2	80000002	1089	2
1	60000001	1205	2
3	43000003	2168	3
0	64000000	1864	3
1	61000001	1202	3
3	44000003	1571	2
2	81000002	1585	3
0	65000000	1285	2
1	62000001	1216	2
2	82000002	1075	2
2	83000002	1126	2
3	45000003	1553	3
2	84000002	1047	2
2	85000002	1041	2
1	63000001	1415	3
0	66000000	1667	3
2	86000002	1039	2
0	67000000	1278	2
2	87000002	1013	2
3	46000003	1529	3
2	88000002	1000	2
3	47000003	1523	2
1	64000001	1337	3
0	68000000	1284	3
2	89000002	996	2
2	90000002	994	2
3	48000003	1490	2
1	65000001	1218	3
2	91000002	1069	2
2	92000002	1195	2
1	66000001	1157	2
2	93000002	992	2
0	69000000	1679	3
3	50000003	1688	3
1	67000001	1387	2
1	68000001	1147	2
2	94000002	1009	3
3	51000003	1423	3
0	71000000	1355	3
1	69000001	1140	2
2	95000002	1288	2
3	52000003	1416	2
0	72000000	1220	2
3	53000003	1482	2
2	96000002	1154	3
2	97000002	978	2
1	70000001	2147	3
3	54000003	1586	2
1	71000001	1122	2
2	98000002	992	3
3	55000003	1374	2
2	99000002	962	2
0	73000000	1638	3
1	73000001	1161	3
2	100000002	961	2
0	74000000	1211	2
2	101000002	960	2
1	74000001	1151	3
1	75000001	1093	2
2	102000002	1291	2
0	75000000	1211	3
2	103000002	955	2
3	56000003	2438	3
2	104000002	951	2
1	76000001	1404	3
3	57000003	1366	2
1	77000001	1090	2
2	105000002	948	3
3	58000003	1363	2
0	76000000	1291	3
2	106000002	945	2
2	107000002	943	2
1	78000001	1085	3
2	108000002	943	2
0	77000000	1182	3
1	79000001	1078	2
3	59000003	1434	3
2	109000002	939	2
1	80000001	1070	2
2	110000002	938	2
1	81000001	1066	2
2	111000002	938	2
3	60000003	1425	3
2	112000002	936	2
0	78000000	1383	3
2	113000002	935	3
1	82000001	1452	3
0	80000000	1164	2
3	61000003	1360	3
2	114000002	913	3
1	83000001	1056	3
0	81000000	1163	3
2	115000002	905	2
0	82000000	1161	2
2	116000002	904	2
1	84000001	1052	3
2	117000002	903	2
0	83000000	1144	2
1	85000001	1050	2
1	86000001	1139	2
0	84000000	1452	3
1	87000001	1072	3
2	118000002	1391	3
2	119000002	899	2
0	85000000	1227	3
1	88000001	1395	3
0	86000000	1142	2
2	120000002	907	3
1	89000001	1454	3
2	121000002	1434	3
3	62000003	4210	3
2	122000002	887	2
2	123000002	872	2
3	63000003	1336	2
0	87000000	1507	3
2	124000002	876	3
3	64000003	1336	2
0	88000000	1133	2
1	90000001	1395	3
2	125000002	866	2
0	89000000	1113	2
1	91000001	1020	2
3	66000003	1335	2
2	126000002	1044	2
1	92000001	1016	2
2	127000002	859	2
2	128000002	853	2
1	93000001	1015	2
0	90000000	1138	3
0	91000000	1107	2
1	94000001	1013	2
3	67000003	1503	3
2	129000002	897	3
1	95000001	1011	2
2	130000002	850	2
2	132000002	849	2
3	68000003	1341	2
0	92000000	1082	3
1	96000001	1321	3
2	133000002	868	3
0	93000000	1077	3
3	69000003	1308	3
2	134000002	996	2
1	97000001	996	3
2	135000002	846	2
2	136000002	846	2
1	98000001	1070	3
3	70000003	1303	3
2	137000002	846	2
0	94000000	1801	3
1	99000001	987	2
3	72000003	1294	2
0	95000000	1045	2
2	138000002	910	3
1	100000001	1009	3
0	96000000	1026	2
2	139000002	843	2
1	101000001	992	2
2	140000002	838	2
0	98000000	1023	2
2	141000002	838	2
3	73000003	1533	3
0	99000000	1016	2
1	102000001	996	3
0	100000000	1007	2
2	142000002	1384	3
3	74000003	1614	3
1	103000001	994	2
0	101000000	1006	2
2	143000002	970	3
0	102000000	1005	2
2	144000002	829	2
1	104000001	980	3
3	75000003	1368	3
0	104000000	981	2
1	105000001	971	2
2	145000002	830	3
3	76000003	1262	2
0	105000000	1199	2
1	106000001	964	2
1	107000001	962	2
2	146000002	1012	3
0	106000000	977	2
2	147000002	821	2
1	108000001	957	2
3	77000003	1273	3
0	107000000	971	2
2	148000002	831	3
1	109000001	956	3
1	110000001	945	2
2	149000002	896	3
0	108000000	1958	2
3	78000003	1660	3
0	109000000	1066	3
1	111000001	1279	3
3	79000003	1240	2
0	110000000	962	2
1	112000001	938	2
2	150000002	1813	3
3	80000003	1232	2
1	113000001	960	3
2	151000002	1059	3
1	114000001	930	2
2	152000002	810	2
3	81000003	1208	2
1	115000001	924	2
2	153000002	804	2
0	111000000	2299	3
2	154000002	804	2
3	82000003	1203	2
1	116000001	924	3
2	155000002	797	2
0	112000000	958	2
3	83000003	1194	2
1	117000001	920	2
0	113000000	956	2
2	156000002	799	3
3	84000003	1209	2
0	114000000	954	2
2	157000002	796	2
1	118000001	950	3
3	85000003	1176	2
2	158000002	836	3
1	119000001	918	2
0	115000000	970	3
1	120000001	917	2
2	159000002	1078	3
0	116000000	929	2
2	160000002	818	2
0	117000000	947	2
2	161000002	787	2
3	86000003	1585	3
1	121000001	2388	3
3	87000003	1458	2
2	162000002	1213	3
1	122000001	911	2
2	163000002	782	2
0	118000000	1139	3
3	89000003	1146	2
1	123000001	911	2
2	164000002	791	3
0	119000000	1217	2
2	165000002	781	2
1	124000001	1158	3
2	166000002	773	2
0	120000000	1199	3
2	167000002	771	2
1	125000001	912	3
2	168000002	771	2
3	90000003	2123	3
1	126000001	903	2
0	121000000	901	3
2	169000002	764	3
1	127000001	902	2
0	122000000	886	2
3	91000003	1133	3
2	170000002	760	2
1	128000001	901	2
0	123000000	886	2
2	171000002	756	3
0	124000000	886	2
3	92000003	1331	3
2	172000002	752	2
1	129000001	903	3
2	173000002	750	2
3	93000003	1127	2
0	125000000	910	3
2	174000002	749	2
3	94000003	1120	2
1	130000001	1301	3
2	175000002	752	2
0	126000000	1274	2
3	95000003	1104	2
2	176000002	747	2
1	131000001	884	2
0	127000000	872	2
2	177000002	746	2
0	128000000	865	2
1	132000001	874	2
3	96000003	1080	2
2	178000002	772	3
1	133000001	1052	2
3	97000003	1076	2
0	129000000	865	3
2	179000002	745	2
1	134000001	870	2
0	130000000	876	3
2	180000002	902	3
3	98000003	1157	3
0	131000000	857	2
2	181000002	741	2
2	182000002	734	2
3	99000003	1080	2
2	183000002	728	2
0	132000000	847	3
1	135000001	1204	3
3	100000003	1528	2
0	133000000	847	3
1	136000001	895	2
3	101000003	1059	2
0	134000000	843	2
1	137000001	867	2
3	103000003	1051	2
1	138000001	867	2
0	135000000	865	3
3	104000003	1091	2
2	184000002	1867	3
0	136000000	840	2
1	139000001	934	3
2	185000002	726	2
0	137000000	836	2
3	105000003	1044	2
1	140000001	857	2
2	186000002	973	3
0	138000000	835	2
1	141000001	857	2
1	142000001	855	2
0	139000000	834	3
2	187000002	832	3
1	143000001	843	2
2	188000002	725	2
0	140000000	1047	3
1	144000001	839	2
2	189000002	724	2
3	106000003	1611	3
1	145000001	836	2
2	190000002	723	2
0	141000000	1264	2
2	191000002	722	2
1	146000001	834	2
3	107000003	1033	2
0	142000000	829	2
2	192000002	719	2
0	143000000	825	2
1	147000001	1140	3
0	144000000	826	2
2	193000002	834	3
1	148000001	825	2
2	194000002	711	2
0	145000000	823	2
1	149000001	818	2
2	195000002	957	2
0	146000000	818	2
3	108000003	1343	3
2	196000002	699	2
3	109000003	1050	3
1	150000001	918	3
2	197000002	719	3
3	110000003	1019	2
2	198000002	1099	3
1	151000001	1063	3
2	199000002	729	3
0	147000000	1150	3
1	152000001	814	2
3	111000003	1099	3
1	153000001	813	2
0	148000000	814	2
2	200000002	706	3
1	154000001	813	2
0	149000000	812	2
2	201000002	686	2
3	112000003	1043	2
1	155000001	810	2
0	150000000	811	2
2	202000002	681	2
3	114000003	1000	2
2	203000002	680	2
0	151000000	802	2
1	156000001	1169	3
2	204000002	724	3
3	115000003	1351	3
1	157000001	800	3
2	205000002	760	3
3	116000003	1128	3
1	158000001	795	2
0	152000000	1889	3
2	206000002	713	3
0	153000000	794	2
3	117000003	994	2
2	207000002	674	3
3	119000003	987	2
2	208000002	670	2
0	154000000	1339	3
2	210000002	669	2
3	120000003	981	2
1	159000001	1711	3
0	155000000	802	3
2	211000002	673	3
3	121000003	977	2
1	160000001	843	3
0	156000000	783	2
3	123000003	964	2
1	161000001	791	2
2	212000002	872	3
2	213000002	665	2
1	163000001	787	2
0	157000000	841	3
3	124000003	962	3
2	215000002	703	3
1	164000001	785	3
0	158000000	779	2
3	125000003	946	2
2	216000002	670	2
1	165000001	781	2
3	126000003	934	2
0	159000000	1096	2
0	160000000	775	2
3	127000003	929	2
0	161000000	773	2
2	217000002	1102	3
3	128000003	979	3
0	162000000	773	2
3	129000003	915	2
2	218000002	900	3
0	163000000	773	2
2	219000002	653	2
3	130000003	915	2
0	165000000	768	3
2	220000002	652	2
1	166000001	2151	3
3	131000003	908	2
0	166000000	761	2
2	221000002	651	2
1	167000001	775	3
2	222000002	650	2
0	167000000	759	2
1	168000001	774	2
2	223000002	698	2
0	168000000	755	2
3	132000003	925	3
1	169000001	813	2
2	224000002	641	2
0	169000000	755	2
1	170000001	773	2
3	133000003	906	2
2	225000002	639	2
1	171000001	766	2
3	134000003	904	2
0	170000000	1005	3
2	226000002	639	2
1	172000001	791	2
0	171000000	750	3
2	227000002	653	3
3	136000003	900	3
0	172000000	748	2
1	173000001	786	3
2	228000002	716	3
3	137000003	1037	2
0	173000000	748	3
1	174000001	759	2
2	229000002	637	2
1	175000001	758	2
0	174000000	775	2
1	176000001	757	2
2	230000002	710	3
3	138000003	1178	3
0	175000000	748	3
1	177000001	756	2
2	231000002	633	2
1	178000001	759	2
3	139000003	893	2
1	179000001	752	2
3	140000003	898	2
2	232000002	1039	3
1	181000001	749	2
3	141000003	890	2
2	233000002	655	2
1	182000001	747	2
0	176000000	1297	3
3	142000003	889	2
1	183000001	747	2
0	177000000	741	2
1	184000001	746	2
2	234000002	798	3
0	178000000	741	2
3	143000003	894	3
2	235000002	625	2
0	179000000	736	2
1	185000001	743	2
2	236000002	623	2
3	144000003	878	2
0	180000000	731	2
0	182000000	726	2
3	145000003	877	2
1	186000001	891	3
2	237000002	623	3
0	183000000	724	2
1	187000001	740	2
2	238000002	622	2
0	184000000	724	2
1	188000001	737	2
3	146000003	873	3
0	185000000	724	2
2	239000002	800	3
3	147000003	865	2
2	241000002	618	2
0	186000000	723	2
0	187000000	722	2
3	148000003	863	2
2	242000002	643	3
2	243000002	617	2
1	190000001	1423	3
0	188000000	855	3
2	244000002	616	2
3	149000003	856	3
0	189000000	832	2
2	245000002	925	2
1	191000001	758	3
3	150000003	878	3
0	190000000	714	2
1	192000001	733	2
0	191000000	726	2
2	246000002	704	3
1	193000001	732	2
0	192000000	711	2
3	151000003	913	3
0	193000000	709	2
2	247000002	887	3
3	152000003	883	2
0	194000000	707	2
2	248000002	612	3
0	195000000	705	2
2	249000002	611	2
3	154000003	1288	2
0	196000000	705	2
2	250000002	611	2
2	251000002	610	2
0	197000000	704	2
2	252000002	610	2
3	155000003	1181	3
0	198000000	703	2
2	253000002	615	2
0	200000000	700	2
2	254000002	608	2
0	201000000	699	2
3	156000003	841	3
2	255000002	604	2
3	157000003	837	2
2	256000002	604	2
2	257000002	604	2
0	202000000	773	3
3	158000003	836	2
2	258000002	599	2
0	203000000	696	2
2	259000002	599	2
3	159000003	836	2
1	194000001	1427	3
0	204000000	692	2
2	260000002	643	3
3	160000003	831	2
1	195000001	729	2
0	205000000	692	2
2	261000002	597	2
0	206000000	690	2
3	161000003	829	2
1	196000001	766	3
2	262000002	617	3
1	197000001	899	2
2	263000002	598	3
0	207000000	802	3
1	198000001	726	2
2	264000002	597	2
2	265000002	596	2
1	199000001	723	2
0	208000000	966	3
2	266000002	660	3
1	200000001	748	3
2	267000002	592	2
3	162000003	1412	3
0	209000000	685	3
1	201000001	717	2
2	268000002	590	2
0	210000000	681	2
1	202000001	712	2
2	269000002	801	3
0	211000000	678	2
1	203000001	731	2
3	163000003	900	3
0	212000000	676	2
1	204000001	707	2
3	165000003	820	2
2	270000002	1467	2
3	166000003	819	2
1	205000001	898	3
2	271000002	584	2
1	206000001	705	2
2	272000002	591	3
3	167000003	819	3
2	274000002	582	2
1	207000001	794	3
3	168000003	816	3
1	208000001	702	2
2	275000002	581	3
1	209000001	700	2
2	276000002	579	3
3	169000003	1210	2
2	277000002	571	2
1	210000001	745	3
2	278000002	571	2
3	170000003	805	2
2	279000002	570	2
1	211000001	707	3
3	171000003	803	2
2	280000002	568	2
1	212000001	694	2
2	282000002	566	2
3	172000003	793	2
3	173000003	792	2
1	213000001	923	3
2	283000002	588	3
1	214000001	684	2
2	284000002	566	2
3	175000003	783	3
1	215000001	677	2
2	285000002	563	2
2	286000002	563	2
1	216000001	679	3
1	217000001	673	2
2	287000002	571	2
3	176000003	1486	2
2	289000002	557	2
1	218000001	673	2
3	177000003	779	2
2	290000002	552	2
2	291000002	551	2
3	178000003	777	2
1	220000001	721	3
3	179000003	771	2
0	214000000	4739	3
3	180000003	771	2
2	292000002	739	3
0	215000000	674	2
2	293000002	549	2
3	181000003	779	2
0	216000000	674	2
2	294000002	549	2
3	182000003	768	2
2	295000002	547	2
0	217000000	680	2
1	221000001	1739	3
2	296000002	546	2
1	222000001	669	2
0	218000000	671	2
2	297000002	544	2
0	219000000	731	2
1	223000001	726	2
3	183000003	783	3
2	298000002	653	2
0	220000000	667	3
1	224000001	668	3
3	184000003	813	3
2	300000002	752	3
0	221000000	667	3
3	185000003	759	2
1	225000001	685	3
2	301000002	536	2
3	186000003	758	2
0	222000000	684	3
2	302000002	535	2
1	226000001	701	2
2	303000002	535	2
3	187000003	757	2
2	304000002	534	2
1	227000001	662	2
0	223000000	747	3
2	305000002	533	2
1	228000001	653	2
3	188000003	1032	2
2	306000002	532	2
0	224000000	661	2
3	189000003	753	2
0	225000000	659	2
1	229000001	687	3
2	307000002	533	3
2	308000002	531	2
3	190000003	747	2
1	230000001	651	2
0	226000000	657	2
2	309000002	529	2
2	310000002	528	2
3	191000003	874	2
1	231000001	691	3
2	311000002	528	2
0	227000000	671	3
1	232000001	647	2
3	192000003	746	2
2	312000002	526	2
2	313000002	526	2
0	228000000	871	2
3	193000003	745	2
0	229000000	655	2
2	314000002	524	3
1	233000001	1254	2
3	194000003	745	2
2	315000002	522	2
1	234000001	642	2
0	230000000	656	2
3	195000003	743	2
2	316000002	663	3
1	235000001	641	2
3	196000003	741	2
0	231000000	654	2
2	317000002	520	2
1	236000001	639	2
0	232000000	650	2
3	197000003	740	2
2	318000002	519	2
1	238000001	638	2
2	319000002	519	2
3	200000003	734	2
0	233000000	679	3
2	320000002	518	2
3	201000003	730	2
0	234000000	648	2
2	321000002	518	2
0	235000000	646	2
2	322000002	518	2
3	203000003	998	2
0	236000000	642	2
2	323000002	517	2
1	239000001	1029	3
3	204000003	729	2
2	324000002	517	2
0	237000000	640	2
0	238000000	639	2
1	240000001	688	3
2	325000002	598	2
2	326000002	515	2
0	239000000	638	2
3	206000003	729	3
2	327000002	548	2
1	241000001	843	3
0	240000000	636	2
3	207000003	726	2
2	329000002	657	2
0	241000000	635	2
1	242000001	631	2
2	330000002	547	2
0	242000000	635	2
1	243000001	631	2
3	208000003	751	3
2	331000002	509	2
1	244000001	631	2
2	332000002	509	2
0	243000000	632	2
2	333000002	508	2
1	245000001	629	2
3	209000003	779	3
2	334000002	507	2
0	244000000	682	3
1	246000001	627	2
2	335000002	507	2
3	210000003	721	2
2	336000002	506	2
1	247000001	626	2
0	245000000	852	2
3	211000003	720	2
1	248000001	622	2
2	337000002	520	3
0	246000000	631	2
2	338000002	505	2
1	249000001	621	2
0	247000000	629	2
2	339000002	504	2
3	212000003	720	3
2	340000002	503	2
1	250000001	620	3
0	248000000	850	2
3	213000003	705	2
1	251000001	617	2
0	249000000	624	2
3	214000003	705	2
2	341000002	603	3
1	252000001	615	2
0	250000000	621	2
2	342000002	497	2
3	215000003	704	2
1	253000001	615	2
0	251000000	611	2
3	216000003	700	2
2	343000002	625	3
0	252000000	611	2
1	254000001	946	2
2	344000002	497	2
3	217000003	699	2
0	253000000	610	2
1	255000001	905	3
2	345000002	534	2
0	254000000	636	3
3	218000003	698	2
1	256000001	611	2
2	346000002	503	2
0	255000000	608	2
3	219000003	696	2
2	347000002	493	2
0	256000000	608	2
1	257000001	608	2
3	220000003	694	2
2	348000002	493	2
0	257000000	605	2
2	349000002	492	2
0	258000000	604	2
3	221000003	692	2
2	350000002	491	2
1	259000001	606	3
2	351000002	489	2
3	222000003	690	2
2	352000002	490	2
3	223000003	689	2
2	353000002	486	2
3	224000003	689	2
2	354000002	486	2
0	259000000	627	3
1	260000001	1585	3
2	355000002	485	2
2	356000002	485	2
0	260000000	704	3
2	357000002	484	2
1	261000001	756	3
0	261000000	601	2
1	262000001	603	2
2	358000002	484	3
0	262000000	601	2
3	225000003	1478	3
2	359000002	482	2
1	263000001	594	2
0	263000000	601	2
3	226000003	689	2
1	264000001	591	2
0	264000000	593	2
3	227000003	688	2
1	265000001	591	2
2	360000002	875	3
0	265000000	590	2
1	266000001	590	2
3	228000003	687	2
2	361000002	488	2
3	229000003	685	2
1	267000001	597	3
3	231000003	676	2
2	362000002	552	3
0	266000000	912	3
1	268000001	590	3
1	269000001	588	2
0	267000000	582	2
1	270000001	587	2
0	268000000	581	2
1	271000001	585	2
0	269000000	580	2
2	363000002	1245	3
1	272000001	585	2
2	364000002	476	2
0	270000000	580	2
1	273000001	583	2
2	365000002	474	2
3	232000003	1065	3
1	274000001	579	2
2	366000002	472	2
3	233000003	675	2
2	367000002	472	2
0	271000000	743	3
1	275000001	830	2
3	234000003	675	2
2	369000002	471	2
0	273000000	596	2
2	371000002	467	2
1	276000001	756	2
2	372000002	467	2
3	235000003	1049	2
1	277000001	573	2
2	373000002	466	2
0	274000000	749	3
1	278000001	711	3
0	275000000	575	2
2	374000002	795	2
2	375000002	465	2
3	236000003	1035	3
1	279000001	572	3
2	376000002	464	2
1	280000001	570	2
3	238000003	668	2
0	276000000	759	3
1	281000001	567	2
3	239000003	664	2
2	377000002	658	3
0	277000000	573	2
1	282000001	607	3
0	278000000	573	2
3	240000003	669	3
1	283000001	565	2
0	279000000	572	2
2	378000002	1078	3
1	284000001	565	2
3	241000003	662	2
2	379000002	462	2
1	285000001	562	2
0	280000000	913	2
3	242000003	660	2
2	380000002	461	2
2	381000002	460	2
2	382000002	460	2
1	286000001	914	3
3	243000003	686	3
0	281000000	691	3
2	383000002	458	2
3	244000003	656	2
2	384000002	458	2
0	282000000	569	2
2	385000002	457	2
0	283000000	569	2
2	386000002	457	2
1	287000001	1111	3
0	284000000	568	2
2	387000002	457	2
1	288000001	551	2
2	388000002	456	2
0	285000000	567	2
1	289000001	551	2
3	245000003	1016	3
2	389000002	456	2
0	286000000	566	2
2	390000002	455	2
1	290000001	585	3
2	391000002	455	2
0	287000000	628	3
2	392000002	455	2
3	246000003	993	2
1	291000001	547	2
1	292000001	546	2
2	393000002	455	2
3	247000003	641	2
1	293000001	546	2
2	394000002	453	2
1	294000001	545	2
2	395000002	452	2
2	396000002	460	2
1	295000001	541	2
2	397000002	451	2
3	248000003	854	3
0	288000000	998	3
1	296000001	538	2
3	249000003	640	2
0	289000000	564	2
1	297000001	537	2
3	250000003	639	2
0	290000000	564	2
1	298000001	534	2
1	299000001	533	2
0	291000000	564	2
3	251000003	639	2
2	398000002	692	3
2	399000002	449	2
3	253000003	637	2
0	292000000	581	3
2	400000002	448	2
0	293000000	562	2
2	401000002	447	2
1	301000001	904	3
3	255000003	629	3
0	294000000	562	2
2	402000002	447	2
1	302000001	531	2
2	403000002	477	3
3	256000003	628	3
2	404000002	445	2
2	405000002	445	2
0	295000000	1093	3
3	257000003	625	2
2	406000002	445	2
3	259000003	620	2
2	407000002	445	2
2	408000002	444	2
1	303000001	1079	3
3	260000003	613	2
2	409000002	443	2
0	296000000	629	3
1	304000001	526	2
3	261000003	612	2
0	297000000	552	2
2	410000002	454	3
3	262000003	611	2
0	298000000	642	2
2	411000002	442	2
3	263000003	610	2
2	412000002	440	2
2	413000002	438	2
3	264000003	608	2
0	299000000	668	3
2	414000002	438	2
3	265000003	608	2
0	301000000	549	2
2	415000002	438	2
3	266000003	607	2
0	302000000	546	2
2	416000002	436	2
3	267000003	605	2
0	303000000	543	2
3	268000003	604	2
0	304000000	543	2
2	417000002	556	3
3	269000003	601	2
2	418000002	434	2
2	419000002	434	2
3	270000003	600	2
2	420000002	434	2
0	305000000	822	3
3	271000003	688	2
2	421000002	476	2
0	306000000	538	2
2	422000002	433	2
0	307000000	536	2
3	272000003	885	2
2	423000002	432	2
1	305000001	2726	3
1	306000001	519	2
2	424000002	448	2
3	273000003	597	2
0	308000000	824	2
3	274000003	593	2
0	309000000	535	2
0	310000000	542	2
3	275000003	968	2
0	311000000	533	2
3	276000003	590	2
0	312000000	585	3
3	277000003	590	2
0	313000000	532	2
3	278000003	597	3
0	314000000	531	2
2	425000002	1733	3
2	426000002	430	2
3	279000003	588	2
2	427000002	429	2
3	280000003	586	2
0	315000000	768	3
2	428000002	429	2
0	316000000	530	2
3	281000003	610	2
0	317000000	529	2
3	282000003	603	2
0	318000000	543	3
0	319000000	527	2
2	429000002	1700	2
3	283000003	586	3
0	320000000	527	2
2	430000002	428	2
3	284000003	582	2
2	431000002	428	2
3	285000003	580	2
0	321000000	527	3
1	307000001	1275	3
3	286000003	577	2
1	308000001	517	2
0	322000000	573	3
1	309000001	516	2
3	287000003	575	2
0	323000000	523	2
1	310000001	535	2
3	289000003	573	2
0	324000000	521	2
1	311000001	511	2
3	290000003	573	2
2	432000002	1011	3
0	325000000	520	2
1	312000001	510	2
2	433000002	427	2
3	291000003	572	2
0	326000000	519	2
1	313000001	510	2
2	434000002	423	2
3	292000003	569	2
2	435000002	421	2
0	327000000	518	2
1	314000001	530	3
2	436000002	421	2
0	328000000	516	2
1	315000001	509	2
2	437000002	421	2
0	329000000	516	2
1	316000001	509	2
0	330000000	515	2
2	438000002	422	3
1	317000001	509	2
3	294000003	991	3
0	331000000	515	2
2	439000002	421	2
1	318000001	506	2
3	295000003	564	2
2	440000002	420	2
0	332000000	514	2
1	320000001	505	2
2	441000002	420	2
3	296000003	563	2
0	333000000	514	2
1	321000001	504	2
3	297000003	561	2
2	442000002	422	3
2	443000002	429	2
3	298000003	558	3
1	322000001	576	3
3	299000003	557	2
1	323000001	504	3
3	300000003	555	2
2	444000002	506	3
1	324000001	502	2
2	445000002	416	2
3	302000003	554	2
1	325000001	502	2
2	446000002	416	2
3	303000003	650	2
2	447000002	416	3
0	334000000	1950	3
3	304000003	551	2
2	448000002	414	2
1	326000001	702	3
0	335000000	513	2
1	327000001	501	2
3	305000003	550	2
0	336000000	513	2
2	449000002	617	3
1	328000001	501	2
3	306000003	550	2
2	450000002	413	2
0	337000000	511	2
1	329000001	500	2
0	338000000	511	2
3	308000003	563	2
1	330000001	619	2
0	339000000	510	2
3	309000003	547	2
1	331000001	496	2
3	310000003	547	2
2	451000002	903	3
1	332000001	494	2
3	311000003	547	2
0	340000000	1245	2
2	452000002	663	3
3	312000003	544	2
2	453000002	497	3
1	333000001	1152	2
3	313000003	544	2
2	454000002	406	2
1	334000001	492	2
2	456000002	405	2
3	314000003	561	2
1	335000001	492	3
2	457000002	600	2
1	336000001	488	2
1	337000001	488	2
1	338000001	487	2
2	458000002	626	3
2	459000002	404	2
1	339000001	587	3
2	460000002	401	2
3	315000003	1228	3
2	461000002	400	2
2	462000002	400	2
3	316000003	543	2
3	317000003	543	2
2	463000002	401	3
3	318000003	543	2
2	465000002	398	2
3	319000003	541	2
2	466000002	399	3
2	467000002	397	2
3	320000003	540	2
2	468000002	396	2
2	469000002	394	2
2	470000002	394	2
3	321000003	544	3
2	471000002	394	2
3	322000003	539	2
2	472000002	394	2
2	473000002	394	2
3	323000003	537	2
2	474000002	393	2
0	341000000	2999	3
3	324000003	535	2
0	342000000	508	2
1	340000001	2285	3
2	475000002	393	2
2	476000002	392	2
1	341000001	485	2
3	325000003	536	2
2	477000002	392	2
1	342000001	485	2
3	326000003	533	2
0	343000000	510	3
2	478000002	391	3
1	343000001	484	2
0	344000000	508	2
3	328000003	528	2
2	479000002	420	3
0	345000000	507	2
1	344000001	480	3
0	346000000	507	2
3	329000003	757	3
2	480000002	568	3
0	347000000	507	2
1	345000001	522	2
3	330000003	527	2
0	348000000	506	2
1	346000001	478	2
3	331000003	527	2
0	349000000	514	2
3	332000003	526	2
1	348000001	514	3
0	351000000	503	2
0	352000000	499	2
1	349000001	477	2
3	334000003	524	3
1	350000001	474	2
3	335000003	522	2
0	353000000	513	3
1	351000001	564	2
3	336000003	651	2
1	352000001	471	2
0	354000000	505	3
0	355000000	495	2
1	353000001	500	3
1	354000001	468	2
1	355000001	468	2
3	337000003	861	3
0	356000000	617	3
1	356000001	468	2
3	338000003	512	2
0	357000000	508	3
3	339000003	622	2
1	357000001	677	3
0	358000000	493	2
1	358000001	463	2
0	360000000	488	2
1	359000001	462	2
0	361000000	488	3
1	360000001	460	2
3	340000003	895	3
0	362000000	487	2
0	363000000	487	2
3	341000003	506	2
1	361000001	560	3
2	481000002	2988	3
1	362000001	460	2
3	342000003	506	2
0	364000000	488	3
2	482000002	388	2
3	343000003	504	2
1	363000001	459	2
0	365000000	483	2
2	483000002	520	2
3	344000003	502	2
1	364000001	459	2
2	484000002	385	2
0	366000000	543	3
1	365000001	459	2
2	485000002	479	3
0	367000000	482	2
3	345000003	502	3
1	366000001	459	2
2	486000002	383	2
0	368000000	482	2
3	346000003	500	2
1	367000001	454	2
2	488000002	381	2
0	369000000	480	2
1	368000001	453	2
2	489000002	380	2
0	370000000	480	2
3	347000003	665	3
1	369000001	453	2
2	490000002	607	2
0	371000000	484	3
2	491000002	378	2
3	348000003	501	3
2	492000002	377	2
1	370000001	453	3
0	372000000	477	2
2	493000002	375	2
1	371000001	492	2
2	494000002	375	2
3	349000003	576	3
1	372000001	452	2
2	495000002	375	2
2	496000002	375	2
1	373000001	451	2
3	350000003	498	2
0	373000000	927	3
2	497000002	373	2
3	351000003	497	2
0	374000000	475	2
1	374000001	654	3
2	498000002	374	3
0	375000000	474	2
2	499000002	371	2
1	375000001	450	2
0	376000000	472	2
2	500000002	371	2
1	376000001	449	2
2	501000002	371	2
2	502000002	370	2
1	377000001	448	2
2	503000002	370	2
3	353000003	1180	3
1	378000001	447	2
2	504000002	368	2
0	377000000	725	3
3	354000003	490	2
1	379000001	447	2
2	505000002	366	2
0	378000000	471	2
3	355000003	489	2
2	506000002	366	2
1	380000001	446	2
0	380000000	470	2
2	507000002	366	2
3	356000003	487	2
1	381000001	446	2
0	381000000	469	2
1	382000001	445	2
2	508000002	413	3
2	509000002	544	2
0	382000000	689	2
1	383000001	463	3
0	383000000	468	2
1	384000001	441	2
2	510000002	453	3
0	384000000	468	2
2	511000002	363	2
3	357000003	915	3
0	385000000	462	2
1	385000001	781	3
3	358000003	484	2
2	512000002	545	3
0	386000000	461	2
2	513000002	362	2
0	387000000	458	2
3	359000003	520	3
0	388000000	456	2
1	386000001	443	3
2	514000002	542	2
1	387000001	436	2
3	360000003	483	2
2	515000002	377	2
1	388000001	432	2
3	361000003	482	2
0	389000000	455	3
2	516000002	361	2
1	389000001	432	2
0	390000000	452	2
2	517000002	361	2
0	391000000	451	2
3	362000003	482	3
2	518000002	360	2
0	392000000	451	2
2	519000002	360	2
3	363000003	479	2
1	390000001	448	3
2	521000002	359	2
0	393000000	450	2
1	391000001	431	2
2	522000002	358	2
0	394000000	450	2
1	392000001	431	2
2	523000002	357	2
2	524000002	357	2
1	393000001	430	2
2	525000002	357	2
0	395000000	573	3
2	526000002	356	2
0	396000000	449	2
2	527000002	356	2
2	528000002	354	2
3	364000003	1270	3
2	529000002	353	2
1	394000001	1160	3
3	365000003	476	2
1	395000001	430	2
2	530000002	354	3
1	396000001	430	2
3	366000003	476	2
2	531000002	352	2
1	397000001	429	2
3	367000003	475	2
2	532000002	427	2
1	398000001	428	2
2	533000002	350	2
3	368000003	475	2
0	397000000	1146	3
1	399000001	425	2
2	534000002	350	2
0	398000000	447	2
1	400000001	423	2
3	369000003	473	2
2	535000002	349	2
0	399000000	446	2
1	401000001	423	2
3	370000003	469	2
0	400000000	445	2
1	402000001	422	2
2	536000002	457	3
3	371000003	468	2
0	401000000	444	2
1	403000001	421	2
2	537000002	348	2
3	372000003	467	2
0	402000000	444	2
3	374000003	466	2
2	538000002	555	3
3	375000003	465	2
0	403000000	504	3
2	539000002	345	2
3	376000003	464	2
2	540000002	344	2
0	404000000	441	2
2	541000002	344	2
3	377000003	463	2
0	405000000	441	2
2	542000002	342	2
3	378000003	463	2
0	406000000	440	2
2	543000002	342	2
3	379000003	462	2
0	407000000	439	2
2	544000002	342	2
0	408000000	439	2
2	545000002	341	2
3	380000003	475	2
2	546000002	340	2
0	409000000	437	2
3	381000003	458	2
0	410000000	437	2
2	547000002	411	3
2	548000002	338	2
0	411000000	435	2
3	382000003	582	2
0	412000000	433	2
2	549000002	506	2
3	383000003	456	2
0	413000000	432	2
2	550000002	336	2
0	414000000	432	2
2	551000002	455	3
0	415000000	432	2
2	552000002	336	2
0	416000000	432	2
2	553000002	336	2
3	384000003	715	3
2	554000002	335	2
0	417000000	457	3
2	555000002	376	2
3	385000003	455	2
0	418000000	460	3
3	386000003	455	2
0	419000000	429	2
0	420000000	428	2
0	421000000	427	2
3	387000003	742	3
0	422000000	431	3
3	388000003	453	2
0	423000000	427	2
0	424000000	426	2
0	425000000	426	2
0	426000000	424	2
0	427000000	424	2
3	389000003	716	3
1	404000001	2254	3
0	428000000	422	2
3	390000003	477	2
0	429000000	422	2
1	405000001	419	2
3	391000003	449	2
0	430000000	421	2
1	406000001	419	2
3	392000003	449	2
1	407000001	418	2
1	408000001	417	2
1	409000001	417	2
3	393000003	552	3
0	431000000	876	3
1	410000001	464	2
3	394000003	447	2
1	411000001	416	2
0	432000000	802	2
1	412000001	414	2
0	433000000	417	2
1	413000001	414	2
0	434000000	417	2
3	395000003	949	3
1	414000001	412	2
0	436000000	415	2
0	437000000	415	2
3	397000003	492	3
0	438000000	414	2
3	398000003	442	2
0	439000000	413	2
3	399000003	441	2
0	440000000	413	2
3	400000003	440	2
0	441000000	413	2
3	401000003	440	2
0	442000000	413	2
1	415000001	1235	3
0	444000000	412	2
1	416000001	411	2
0	445000000	459	2
3	402000003	810	3
1	417000001	659	2
0	446000000	412	2
3	403000003	438	2
0	448000000	412	2
1	418000001	419	3
0	449000000	409	2
3	404000003	438	2
1	419000001	410	2
0	450000000	414	2
3	405000003	436	2
1	420000001	409	2
0	451000000	407	2
0	452000000	408	2
3	406000003	504	3
1	421000001	487	2
0	453000000	407	2
3	407000003	433	2
1	422000001	408	2
0	454000000	405	2
0	457000000	404	2
3	408000003	440	3
0	458000000	400	2
3	409000003	430	2
0	459000000	400	2
1	423000001	497	3
3	410000003	429	2
1	424000001	407	2
3	411000003	429	2
0	460000000	587	3
1	426000001	407	2
0	461000000	398	2
1	427000001	406	2
0	462000000	396	2
3	413000003	513	3
1	428000001	406	2
0	463000000	395	2
3	414000003	426	2
1	429000001	404	2
3	415000003	426	2
1	430000001	403	2
0	464000000	395	2
1	431000001	403	2
0	465000000	538	2
3	417000003	425	3
1	432000001	402	2
3	418000003	421	2
1	433000001	401	2
0	466000000	439	3
1	435000001	430	3
0	467000000	649	2
3	419000003	443	3
1	436000001	397	2
0	468000000	392	2
1	437000001	396	2
3	420000003	419	2
1	438000001	393	2
3	421000003	418	2
0	469000000	500	2
1	439000001	393	2
0	470000000	391	2
3	422000003	418	2
1	440000001	393	2
0	471000000	391	2
3	423000003	416	2
0	472000000	390	2
1	441000001	393	2
3	424000003	413	2
0	473000000	390	2
1	442000001	392	2
3	425000003	413	2
1	443000001	390	2
0	474000000	389	2
1	445000001	384	2
0	475000000	389	2
1	446000001	377	2
3	426000003	467	3
0	476000000	388	2
1	447000001	377	2
3	427000003	413	2
0	477000000	388	2
3	428000003	411	2
1	448000001	377	2
0	478000000	387	2
3	429000003	409	2
1	449000001	375	2
0	479000000	387	2
0	482000000	383	2
0	483000000	382	2
3	430000003	687	3
1	450000001	444	2
0	484000000	383	3
3	431000003	432	2
1	451000001	403	2
3	432000003	408	2
1	452000001	373	2
3	433000003	408	2
1	453000001	588	2
3	434000003	406	2
1	454000001	371	2
3	435000003	406	2
1	455000001	370	2
1	456000001	369	2
3	436000003	406	2
1	457000001	369	2
0	485000000	1361	3
3	437000003	405	2
1	459000001	368	2
0	486000000	381	2
1	460000001	369	2
3	438000003	436	3
1	461000001	368	2
0	487000000	420	3
3	439000003	401	2
0	488000000	381	2
3	440000003	401	2
0	489000000	380	2
3	441000003	401	2
1	462000001	723	3
0	490000000	380	2
3	442000003	400	2
1	463000001	365	2
0	491000000	379	2
3	443000003	400	2
1	466000001	363	2
0	492000000	379	2
3	444000003	400	2
1	467000001	375	2
2	556000002	3077	3
0	493000000	539	2
1	468000001	361	2
2	557000002	332	2
3	445000003	439	3
0	494000000	378	2
2	559000002	332	2
3	446000003	399	2
2	560000002	331	2
3	447000003	397	2
0	495000000	678	3
2	561000002	481	2
0	496000000	377	2
1	469000001	717	3
1	470000001	360	2
0	497000000	374	2
2	562000002	342	3
1	471000001	358	2
0	498000000	374	2
3	448000003	546	3
2	563000002	579	2
3	449000003	396	2
0	499000000	375	3
2	565000002	515	3
3	450000003	394	2
0	500000000	374	2
2	566000002	329	2
1	472000001	417	3
0	501000000	373	2
3	451000003	393	2
2	567000002	329	2
1	473000001	356	2
3	452000003	393	2
0	502000000	373	2
1	474000001	355	2
3	453000003	393	2
0	503000000	372	2
2	568000002	330	3
2	569000002	328	2
0	504000000	372	2
1	475000001	718	3
2	570000002	327	2
3	454000003	552	3
2	571000002	326	2
1	476000001	356	3
2	572000002	322	2
3	455000003	391	2
0	505000000	548	3
1	477000001	354	2
2	573000002	322	2
3	456000003	390	2
0	506000000	371	2
1	478000001	353	2
2	575000002	322	2
3	457000003	389	2
0	507000000	370	2
1	479000001	352	2
2	576000002	322	2
3	458000003	389	2
0	508000000	370	2
1	480000001	351	2
2	577000002	322	2
0	510000000	368	2
1	481000001	351	2
2	578000002	320	2
3	459000003	390	3
2	579000002	319	2
1	482000001	350	2
0	511000000	368	2
1	483000001	350	2
0	512000000	384	2
2	580000002	320	3
1	484000001	350	2
3	460000003	388	3
1	485000001	350	2
2	581000002	320	3
3	461000003	387	2
0	513000000	372	3
2	582000002	318	2
1	486000001	348	2
0	514000000	365	2
2	583000002	316	2
1	487000001	348	2
0	515000000	363	2
2	584000002	316	2
1	488000001	347	2
2	585000002	315	2
0	516000000	393	2
1	489000001	347	2
2	586000002	314	2
0	517000000	361	2
1	490000001	346	2
0	518000000	361	2
1	491000001	344	2
2	587000002	506	3
0	519000000	360	2
1	493000001	342	2
2	588000002	313	2
1	494000001	342	2
2	589000002	313	2
3	462000003	1388	3
1	495000001	341	2
2	590000002	310	2
1	496000001	340	2
2	591000002	309	2
0	520000000	732	3
1	497000001	341	2
3	463000003	529	3
2	592000002	352	3
0	522000000	426	2
1	498000001	341	2
2	593000002	309	2
3	464000003	382	2
0	523000000	356	2
1	499000001	339	2
2	594000002	309	2
3	465000003	380	2
2	595000002	309	2
1	500000001	339	2
0	524000000	396	3
3	466000003	380	2
1	501000001	339	2
2	597000002	308	2
3	467000003	378	2
0	526000000	368	2
1	502000001	336	2
2	598000002	308	2
3	468000003	378	2
2	599000002	307	2
1	503000001	335	2
2	600000002	307	2
0	527000000	610	2
3	469000003	377	2
1	504000001	334	2
2	601000002	306	2
0	528000000	353	2
3	470000003	378	3
2	602000002	469	3
1	505000001	487	3
0	529000000	541	2
3	471000003	376	2
1	506000001	333	2
0	530000000	352	2
2	603000002	306	2
3	472000003	376	2
1	507000001	332	2
2	604000002	304	2
3	473000003	375	2
0	531000000	435	2
2	605000002	303	2
1	508000001	332	2
2	606000002	302	2
0	532000000	351	2
3	474000003	375	3
1	509000001	470	2
0	533000000	351	2
2	607000002	523	2
3	475000003	373	2
2	609000002	301	2
1	510000001	333	3
3	476000003	373	2
0	534000000	491	2
2	610000002	301	2
1	511000001	332	2
3	477000003	371	2
2	611000002	301	2
0	535000000	350	2
1	513000001	331	2
2	612000002	301	2
3	478000003	370	2
1	514000001	329	2
0	536000000	369	2
2	613000002	300	2
1	515000001	325	2
3	479000003	374	2
2	615000002	299	2
0	537000000	598	2
1	516000001	325	2
2	616000002	297	2
0	539000000	347	2
1	517000001	325	2
0	540000000	347	2
0	541000000	347	2
2	617000002	390	3
2	618000002	297	2
1	518000001	550	3
0	542000000	346	2
0	543000000	345	2
0	544000000	345	2
1	519000001	749	3
0	545000000	344	2
1	520000001	322	2
1	521000001	322	2
0	546000000	568	3
1	522000001	321	2
1	523000001	321	2
0	547000000	525	2
2	619000002	1335	3
1	524000001	320	2
2	620000002	297	2
0	548000000	664	2
2	621000002	403	3
2	622000002	295	2
0	549000000	343	3
2	623000002	294	2
0	550000000	341	2
2	624000002	294	2
1	525000001	637	3
0	551000000	338	2
1	526000001	319	2
0	552000000	338	2
2	625000002	294	3
1	527000001	317	2
0	553000000	338	2
0	554000000	336	2
2	626000002	417	3
1	528000001	330	2
2	627000002	293	2
1	529000001	317	2
2	628000002	293	2
0	555000000	438	3
2	629000002	292	2
0	556000000	335	2
1	530000001	359	3
2	630000002	309	2
1	531000001	315	2
0	557000000	334	2
2	631000002	291	2
1	532000001	315	2
2	632000002	289	2
2	633000002	288	2
1	533000001	317	3
0	558000000	361	3
1	534000001	314	2
2	634000002	290	3
0	559000000	333	2
1	535000001	314	2
2	635000002	287	2
0	560000000	333	2
1	536000001	313	2
0	561000000	332	2
1	537000001	312	2
2	636000002	311	3
3	480000003	709	3
0	562000000	332	2
1	538000001	311	2
2	637000002	468	2
1	539000001	309	2
0	563000000	330	2
1	540000001	308	2
3	481000003	367	3
0	564000000	330	2
1	541000001	308	2
0	565000000	329	2
1	542000001	307	2
0	566000000	357	3
0	567000000	326	2
0	568000000	325	2
3	482000003	730	3
1	543000001	606	3
0	569000000	324	2
3	483000003	365	2
1	544000001	306	2
0	570000000	323	2
3	484000003	364	2
1	545000001	306	2
0	571000000	321	2
3	485000003	364	2
1	546000001	305	2
0	572000000	320	2
3	486000003	363	2
1	548000001	305	2
0	573000000	320	2
3	487000003	363	2
1	549000001	305	2
0	574000000	320	2
3	488000003	362	2
0	575000000	318	2
2	638000002	1265	3
1	550000001	369	2
3	490000003	361	2
2	639000002	282	2
1	551000001	302	2
2	640000002	281	2
3	491000003	360	2
1	552000001	301	2
2	641000002	280	2
1	554000001	300	2
0	576000000	513	3
2	642000002	280	2
1	555000001	300	2
2	643000002	281	3
1	556000001	300	2
2	644000002	278	2
0	577000000	399	3
2	645000002	299	2
3	492000003	561	3
0	578000000	361	2
3	493000003	358	2
2	646000002	505	2
0	579000000	315	2
3	495000003	357	2
2	647000002	278	2
0	580000000	315	2
3	496000003	356	2
2	648000002	371	3
3	497000003	356	2
2	649000002	277	2
3	498000003	355	2
2	650000002	274	2
3	499000003	354	2
0	581000000	437	3
2	651000002	300	3
2	652000002	274	2
2	653000002	273	2
3	500000003	499	3
2	654000002	273	2
3	501000003	351	2
2	655000002	273	2
2	656000002	386	2
3	502000003	507	3
1	557000001	1264	3
2	657000002	272	2
3	503000003	351	2
1	558000001	299	2
2	658000002	272	2
0	582000000	633	3
3	504000003	351	2
2	659000002	272	2
3	505000003	350	2
0	583000000	314	2
2	661000002	268	2
2	662000002	268	2
3	506000003	350	2
0	584000000	313	2
0	585000000	311	2
3	507000003	463	2
2	663000002	287	3
0	586000000	357	2
2	666000002	267	2
3	508000003	349	2
2	667000002	267	2
0	587000000	308	2
3	509000003	348	2
2	668000002	266	2
0	588000000	308	2
3	510000003	348	2
2	669000002	265	2
0	589000000	308	2
3	511000003	350	3
2	670000002	459	3
3	512000003	347	2
2	671000002	265	2
0	590000000	544	3
2	672000002	264	2
0	591000000	307	2
3	513000003	347	2
0	592000000	306	2
1	559000001	610	3
2	673000002	500	3
3	514000003	376	3
0	593000000	323	2
1	560000001	299	2
2	674000002	263	2
3	516000003	343	2
2	675000002	263	2
1	562000001	298	2
3	517000003	342	2
2	676000002	263	2
1	563000001	298	2
3	518000003	342	2
2	677000002	260	2
1	564000001	297	2
0	594000000	568	3
2	678000002	259	2
3	519000003	342	2
2	679000002	258	2
1	565000001	297	2
3	520000003	340	2
1	567000001	296	2
3	522000003	340	2
2	680000002	301	3
1	568000001	296	2
2	681000002	258	3
3	523000003	377	2
1	569000001	298	2
0	595000000	820	3
1	570000001	295	2
3	524000003	339	2
0	596000000	305	2
0	597000000	335	2
3	525000003	339	3
2	682000002	526	3
0	598000000	305	2
1	571000001	318	3
2	685000002	256	2
3	526000003	338	2
0	599000000	303	2
2	686000002	255	2
0	600000000	303	2
2	687000002	255	2
3	527000003	340	3
0	601000000	303	2
2	688000002	281	2
3	528000003	338	2
2	689000002	252	2
2	690000002	252	2
0	602000000	473	3
3	529000003	347	2
2	692000002	251	2
2	693000002	251	2
3	530000003	337	2
0	603000000	307	3
2	694000002	251	2
3	531000003	336	2
2	695000002	252	2
0	604000000	301	2
3	532000003	336	2
0	605000000	300	2
2	696000002	265	3
3	533000003	335	2
0	606000000	300	2
2	697000002	250	2
3	534000003	334	2
0	607000000	298	2
2	698000002	251	2
3	535000003	334	2
2	699000002	249	2
0	608000000	297	2
2	700000002	249	2
3	536000003	334	2
0	609000000	297	2
2	701000002	249	2
3	538000003	333	2
0	610000000	296	2
2	702000002	249	2
1	572000001	1006	3
0	611000000	296	2
2	703000002	248	2
3	539000003	333	2
1	573000001	295	2
2	704000002	248	2
1	574000001	294	2
2	705000002	247	2
2	706000002	246	2
1	576000001	291	2
3	540000003	365	3
2	707000002	245	2
1	577000001	290	2
3	541000003	331	2
2	708000002	245	2
1	578000001	290	2
0	612000000	381	3
3	542000003	330	2
1	579000001	290	2
0	614000000	295	2
3	543000003	330	2
1	580000001	290	2
2	709000002	360	3
2	710000002	243	2
3	544000003	331	3
3	545000003	329	2
1	581000001	291	3
3	546000003	329	2
2	711000002	431	3
1	582000001	288	2
3	547000003	328	2
1	583000001	288	2
2	712000002	275	3
0	615000000	600	3
3	548000003	327	2
2	713000002	241	2
1	584000001	295	3
2	714000002	241	2
3	549000003	327	2
2	716000002	241	2
0	616000000	371	3
3	550000003	327	2
1	585000001	288	3
2	717000002	240	2
0	617000000	294	2
3	551000003	326	2
2	718000002	240	2
3	552000003	326	2
2	719000002	239	2
1	586000001	408	2
2	720000002	239	2
3	553000003	325	2
1	587000001	286	2
3	554000003	325	2
2	721000002	244	2
0	618000000	850	3
1	588000001	286	2
2	722000002	236	2
1	589000001	285	2
0	620000000	291	2
3	555000003	440	2
2	723000002	267	3
1	590000001	285	2
0	621000000	291	2
2	724000002	235	2
3	556000003	325	2
1	591000001	283	2
2	725000002	235	2
3	557000003	325	2
1	592000001	283	2
2	726000002	235	2
3	558000003	324	2
0	622000000	421	3
2	727000002	234	2
3	559000003	322	2
0	623000000	291	2
2	728000002	234	2
1	593000001	425	3
0	624000000	291	2
2	729000002	233	2
1	594000001	283	2
3	560000003	323	3
0	625000000	290	2
2	730000002	232	2
1	595000001	283	2
3	561000003	332	2
1	596000001	379	2
0	626000000	312	3
3	562000003	322	2
1	597000001	280	2
0	627000000	289	2
3	563000003	321	2
3	564000003	320	2
0	628000000	597	2
3	565000003	318	2
0	629000000	289	2
3	566000003	317	2
0	630000000	288	2
3	567000003	317	2
0	631000000	286	2
3	568000003	317	2
0	632000000	286	2
3	569000003	317	2
0	633000000	285	2
3	570000003	317	2
0	635000000	284	2
1	598000001	1088	3
3	571000003	316	2
0	636000000	289	3
1	600000001	278	2
3	572000003	315	2
0	637000000	284	2
1	601000001	277	2
3	573000003	312	2
0	639000000	283	2
1	602000001	278	2
3	575000003	311	2
1	603000001	276	2
3	576000003	310	2
0	640000000	320	3
1	604000001	276	2
0	641000000	281	2
1	605000001	275	2
3	577000003	519	3
3	580000003	306	2
3	582000003	336	3
0	642000000	554	3
3	583000003	305	2
0	643000000	279	2
1	606000001	914	3
1	607000001	382	2
1	608000001	273	2
0	644000000	478	3
1	609000001	273	2
3	584000003	368	3
0	645000000	279	2
1	611000001	272	2
1	612000001	272	2
0	647000000	278	2
3	585000003	478	2
0	648000000	277	2
1	613000001	366	2
3	587000003	303	2
0	649000000	276	2
3	588000003	302	2
1	614000001	339	2
0	651000000	276	2
1	615000001	270	2
0	652000000	276	2
1	616000001	268	2
0	653000000	276	2
3	589000003	303	3
0	654000000	288	3
3	591000003	301	2
0	655000000	276	2
1	617000001	543	3
0	656000000	275	2
1	618000001	267	2
3	592000003	586	2
0	657000000	275	2
3	594000003	299	2
1	619000001	278	3
0	658000000	274	2
3	595000003	298	2
0	659000000	274	2
3	596000003	298	2
1	620000001	294	3
2	731000002	1316	3
0	661000000	273	2
1	621000001	265	2
3	597000003	298	2
2	732000002	231	2
0	662000000	273	2
1	622000001	265	2
3	598000003	297	2
0	663000000	273	2
2	733000002	366	2
3	599000003	297	2
0	664000000	273	2
2	734000002	231	2
1	623000001	291	3
3	600000003	296	2
0	665000000	273	2
1	624000001	263	2
2	736000002	310	3
3	601000003	296	2
0	666000000	272	2
1	625000001	262	2
2	737000002	230	2
0	667000000	272	2
2	738000002	230	2
1	626000001	262	2
0	668000000	271	2
2	739000002	229	2
3	602000003	300	3
0	669000000	270	2
2	740000002	230	3
0	670000000	269	2
2	741000002	229	2
3	603000003	328	3
2	742000002	229	2
0	671000000	269	2
3	604000003	294	2
2	743000002	229	2
0	672000000	269	2
2	744000002	229	2
3	605000003	290	2
1	627000001	685	3
2	745000002	229	2
0	673000000	283	2
3	607000003	289	2
1	628000001	261	2
2	746000002	228	2
0	674000000	269	2
0	675000000	268	2
1	629000001	369	3
3	609000003	289	3
1	630000001	260	2
2	747000002	347	3
0	676000000	303	3
1	631000001	259	2
2	748000002	228	2
0	677000000	266	2
2	749000002	227	2
1	632000001	259	2
0	678000000	266	2
1	633000001	259	2
0	679000000	265	2
3	610000003	469	3
1	634000001	259	2
1	635000001	258	2
0	680000000	265	2
3	611000003	287	2
1	636000001	257	2
0	681000000	264	2
1	637000001	257	2
3	612000003	295	2
0	682000000	264	2
1	638000001	257	2
3	613000003	286	2
0	683000000	264	2
3	614000003	286	2
1	639000001	255	2
2	750000002	830	3
0	684000000	263	2
3	615000003	286	2
1	640000001	254	2
2	751000002	226	2
3	616000003	285	2
1	641000001	254	2
0	685000000	364	2
1	642000001	254	2
3	617000003	285	2
0	686000000	262	2
1	643000001	254	2
3	618000003	283	2
2	752000002	431	3
1	644000001	253	2
3	619000003	282	2
1	645000001	252	2
0	687000000	492	3
2	754000002	228	3
0	688000000	261	2
2	755000002	224	2
0	689000000	260	2
2	756000002	225	2
1	646000001	335	3
1	647000001	252	2
0	690000000	303	2
2	757000002	223	2
1	648000001	251	2
2	759000002	221	2
0	691000000	260	2
1	650000001	249	2
2	760000002	221	2
0	692000000	258	2
1	651000001	249	2
2	761000002	220	2
0	693000000	258	2
3	620000003	956	3
1	652000001	248	2
2	762000002	220	2
0	694000000	258	2
2	763000002	219	2
1	653000001	248	2
3	621000003	281	2
2	764000002	219	2
1	654000001	247	2
3	622000003	280	2
2	765000002	219	2
3	623000003	277	2
2	766000002	219	2
1	655000001	255	3
2	767000002	219	2
1	656000001	246	2
2	768000002	219	2
3	624000003	287	3
0	696000000	831	3
3	625000003	277	2
0	697000000	256	2
2	769000002	229	3
0	698000000	255	2
3	626000003	276	2
1	657000001	403	3
2	770000002	219	2
1	658000001	245	2
3	627000003	275	2
2	771000002	219	2
0	699000000	345	2
1	659000001	245	2
2	772000002	218	2
0	700000000	254	2
3	628000003	275	3
2	773000002	218	2
1	660000001	244	2
0	701000000	253	2
3	630000003	274	2
2	774000002	218	2
1	661000001	244	2
0	702000000	252	2
2	775000002	218	2
3	631000003	273	2
0	703000000	251	2
2	776000002	218	2
0	704000000	248	2
3	632000003	273	2
2	777000002	218	2
0	705000000	246	2
1	663000001	403	3
3	633000003	271	2
2	778000002	218	2
0	706000000	246	2
1	664000001	241	2
3	634000003	271	2
2	779000002	218	2
0	707000000	246	2
2	780000002	218	2
1	665000001	241	2
3	635000003	302	2
0	708000000	245	2
2	781000002	218	2
3	636000003	270	2
2	782000002	218	2
0	709000000	254	3
2	783000002	218	2
3	637000003	268	2
1	666000001	511	3
2	784000002	218	2
0	710000000	245	2
3	638000003	268	2
2	785000002	217	2
1	667000001	240	2
0	711000000	243	2
3	639000003	273	2
2	786000002	217	2
1	668000001	240	2
0	712000000	242	2
3	641000003	267	2
2	788000002	216	2
1	669000001	240	2
0	713000000	242	2
3	642000003	265	2
2	789000002	216	2
1	670000001	239	2
0	714000000	241	2
2	790000002	216	2
1	671000001	239	2
2	791000002	216	2
0	715000000	241	2
3	643000003	397	2
2	792000002	215	2
1	672000001	238	2
3	644000003	265	2
2	793000002	215	2
1	673000001	238	2
3	645000003	265	2
2	794000002	215	2
1	674000001	236	2
2	795000002	214	2
3	646000003	264	2
2	796000002	214	2
1	675000001	264	2
3	647000003	263	2
2	797000002	213	2
1	676000001	233	2
3	648000003	263	2
2	798000002	213	2
1	677000001	233	2
3	649000003	263	2
2	799000002	213	2
2	800000002	213	2
3	650000003	263	2
1	678000001	251	3
2	801000002	213	2
3	651000003	263	3
2	802000002	213	2
3	652000003	260	2
2	803000002	212	2
1	679000001	432	3
3	653000003	260	2
2	804000002	212	2
2	805000002	212	2
1	680000001	235	2
3	654000003	260	2
2	807000002	212	2
1	681000001	230	2
3	655000003	260	2
2	808000002	211	2
1	682000001	230	2
3	656000003	260	2
2	809000002	211	2
3	657000003	258	2
2	810000002	211	2
2	811000002	211	2
3	658000003	258	2
2	812000002	215	2
3	659000003	257	2
1	683000001	561	3
2	814000002	211	2
3	660000003	256	2
1	684000001	229	2
2	815000002	211	2
3	661000003	256	2
2	817000002	210	2
3	662000003	256	2
2	818000002	210	2
1	685000001	318	2
3	663000003	254	2
2	819000002	210	2
1	686000001	228	2
3	664000003	253	2
2	820000002	210	2
1	687000001	227	2
2	821000002	210	2
3	665000003	253	2
2	822000002	210	2
3	666000003	303	2
2	823000002	209	2
1	688000001	440	2
2	824000002	209	2
2	825000002	209	2
0	717000000	1207	3
1	689000001	265	2
2	826000002	209	2
0	718000000	240	2
1	690000001	228	2
2	827000002	209	2
0	721000000	235	3
2	828000002	208	2
1	691000001	226	2
1	692000001	226	2
0	722000000	234	2
2	829000002	247	3
0	723000000	233	2
3	667000003	1194	2
1	693000001	225	2
2	830000002	208	2
0	724000000	232	2
1	694000001	226	2
2	831000002	208	2
3	668000003	252	3
1	695000001	224	2
2	832000002	208	2
0	726000000	257	3
3	669000003	248	2
1	696000001	224	2
2	833000002	208	2
2	834000002	207	2
0	727000000	254	3
3	670000003	509	2
0	728000000	231	2
3	671000003	247	2
0	729000000	231	2
2	835000002	351	3
3	672000003	311	2
0	730000000	232	3
2	836000002	207	2
1	697000001	512	3
0	731000000	231	2
2	838000002	207	2
3	673000003	272	3
1	698000001	223	2
2	839000002	207	2
0	732000000	230	2
3	674000003	246	2
2	840000002	206	2
1	699000001	223	2
0	733000000	261	3
2	841000002	206	2
3	675000003	245	2
1	700000001	223	2
2	842000002	206	2
0	734000000	229	2
1	701000001	222	2
3	676000003	245	2
2	844000002	206	2
1	702000001	222	2
0	735000000	229	2
2	845000002	205	2
1	703000001	222	2
0	736000000	228	2
2	846000002	205	2
1	704000001	224	2
0	737000000	227	2
2	847000002	205	2
0	738000000	226	2
2	848000002	205	2
0	739000000	225	2
2	850000002	205	2
1	705000001	417	3
0	740000000	224	2
2	851000002	205	2
3	677000003	489	3
1	706000001	220	2
2	852000002	204	2
0	741000000	223	2
3	678000003	244	2
2	853000002	203	2
0	742000000	222	2
2	854000002	203	2
0	743000000	222	2
3	680000003	257	3
1	707000001	577	2
2	855000002	203	2
0	744000000	222	2
1	708000001	220	2
3	681000003	244	2
2	856000002	203	2
1	709000001	220	2
2	857000002	203	2
1	710000001	220	2
2	858000002	203	2
1	711000001	220	2
2	859000002	202	2
1	712000001	219	2
2	860000002	202	2
3	682000003	546	3
1	713000001	219	2
2	861000002	202	2
3	683000003	243	2
1	714000001	219	2
2	862000002	202	2
3	684000003	243	2
1	715000001	219	2
2	863000002	202	2
3	685000003	242	2
2	864000002	202	2
1	716000001	219	2
2	865000002	202	2
3	686000003	241	2
1	717000001	219	2
2	866000002	201	2
3	687000003	242	2
1	718000001	219	2
2	867000002	201	2
1	719000001	219	2
2	868000002	201	2
3	688000003	302	3
1	720000001	219	2
2	869000002	201	2
1	722000001	268	2
2	870000002	201	2
3	689000003	416	2
0	746000000	1344	3
1	723000001	219	2
2	871000002	200	2
0	747000000	220	2
3	690000003	239	2
1	724000001	218	2
2	872000002	200	2
0	748000000	220	2
3	691000003	238	2
1	725000001	218	2
0	749000000	219	2
1	726000001	218	2
3	692000003	237	2
0	750000000	219	2
2	873000002	484	3
1	727000001	218	2
0	751000000	219	2
2	874000002	200	2
1	728000001	218	2
3	693000003	361	2
0	753000000	219	2
2	875000002	199	2
3	694000003	239	2
1	729000001	218	2
0	754000000	219	2
3	695000003	235	2
1	730000001	218	2
2	876000002	450	2
0	755000000	219	2
3	696000003	235	2
1	731000001	218	2
2	877000002	199	2
0	756000000	219	2
1	732000001	218	2
3	697000003	253	2
2	878000002	199	2
1	733000001	218	2
0	757000000	219	2
3	698000003	234	2
2	879000002	199	2
1	734000001	218	2
0	758000000	218	2
3	699000003	233	2
2	880000002	199	2
1	736000001	218	2
0	759000000	218	2
2	881000002	199	2
3	701000003	232	2
1	737000001	218	2
0	760000000	218	2
2	882000002	199	2
3	702000003	232	2
1	738000001	218	2
0	761000000	218	2
2	883000002	199	2
3	703000003	231	2
1	739000001	217	2
0	762000000	218	2
2	884000002	198	2
3	704000003	230	2
1	741000001	217	2
0	763000000	218	2
2	885000002	198	2
1	742000001	217	2
0	764000000	218	2
2	886000002	198	2
1	743000001	216	2
0	765000000	218	2
2	887000002	198	2
0	766000000	217	2
1	744000001	216	2
3	705000003	395	3
2	888000002	198	2
0	767000000	217	2
2	889000002	198	2
0	768000000	217	2
2	890000002	198	2
2	891000002	198	2
0	769000000	217	2
2	892000002	198	2
0	770000000	216	2
3	706000003	475	3
2	893000002	198	2
0	771000000	216	2
2	894000002	197	2
3	707000003	230	2
0	772000000	216	2
2	895000002	197	2
0	773000000	216	2
1	745000001	660	3
2	896000002	197	2
0	774000000	216	2
2	897000002	197	2
1	746000001	216	2
3	708000003	318	3
0	775000000	215	2
2	898000002	196	2
1	747000001	215	2
3	709000003	229	2
0	776000000	215	2
2	899000002	196	2
1	748000001	215	2
3	710000003	229	2
0	777000000	215	2
2	900000002	196	2
1	749000001	215	2
3	711000003	228	2
0	778000000	215	2
2	901000002	196	2
1	750000001	215	2
3	712000003	228	2
2	902000002	196	2
1	751000001	220	2
0	779000000	246	3
2	903000002	196	2
3	713000003	229	3
1	752000001	214	2
0	780000000	215	2
2	904000002	196	2
0	781000000	215	2
1	753000001	213	2
2	905000002	196	2
0	782000000	214	2
1	755000001	213	2
2	906000002	196	2
0	784000000	214	2
2	907000002	196	2
1	756000001	213	2
0	785000000	213	2
2	908000002	195	2
3	714000003	399	3
1	757000001	213	2
0	787000000	213	2
2	909000002	195	2
3	715000003	228	2
1	758000001	213	2
2	910000002	194	2
0	788000000	212	2
3	716000003	227	2
1	759000001	212	2
2	911000002	194	2
0	789000000	212	2
1	760000001	211	2
3	717000003	227	2
2	912000002	194	2
0	790000000	212	2
1	761000001	211	2
3	718000003	226	2
2	913000002	193	2
0	791000000	220	2
1	762000001	211	2
3	719000003	225	2
2	914000002	193	2
0	792000000	212	2
1	763000001	210	2
2	915000002	192	2
3	720000003	225	2
0	793000000	212	2
1	764000001	210	2
2	916000002	192	2
0	794000000	212	2
3	721000003	340	2
1	765000001	210	2
0	795000000	211	2
1	766000001	210	2
3	722000003	225	2
0	796000000	211	2
1	767000001	210	2
3	723000003	224	2
1	768000001	209	2
0	797000000	211	2
1	769000001	209	2
0	798000000	211	2
2	917000002	655	3
3	725000003	252	3
1	770000001	209	2
0	799000000	211	2
2	918000002	192	2
3	726000003	223	2
0	800000000	211	2
2	920000002	212	3
3	727000003	222	2
0	801000000	210	2
1	771000001	311	3
2	921000002	192	2
0	802000000	210	2
1	772000001	209	2
2	923000002	191	2
3	728000003	231	2
0	803000000	210	2
1	773000001	209	2
3	729000003	221	2
0	804000000	210	2
1	774000001	209	2
2	924000002	276	3
3	730000003	221	2
0	805000000	209	2
2	925000002	191	2
3	731000003	221	2
0	806000000	209	2
2	926000002	191	2
1	775000001	339	3
3	732000003	220	2
0	807000000	209	2
2	927000002	191	2
1	776000001	220	2
3	733000003	220	2
0	809000000	208	2
2	928000002	191	2
2	929000002	191	2
3	734000003	220	2
0	810000000	208	2
2	930000002	190	2
3	735000003	220	2
0	811000000	208	2
2	932000002	190	2
1	777000001	533	2
0	812000000	208	2
2	933000002	190	2
1	778000001	208	2
0	813000000	208	2
2	934000002	190	2
1	779000001	208	2
3	736000003	494	3
0	814000000	207	2
2	935000002	190	2
1	780000001	208	2
3	737000003	220	2
2	936000002	190	2
0	815000000	206	2
1	781000001	207	2
2	937000002	189	2
3	738000003	219	2
0	816000000	206	2
2	938000002	189	2
1	782000001	207	2
3	739000003	219	2
1	783000001	207	2
3	740000003	219	2
2	939000002	222	2
0	819000000	322	2
2	940000002	189	2
1	784000001	207	2
3	742000003	219	2
0	820000000	206	2
2	941000002	189	2
1	786000001	207	2
3	743000003	218	2
0	821000000	206	2
2	942000002	188	2
1	787000001	206	2
3	744000003	218	2
2	943000002	188	2
0	822000000	205	2
1	788000001	206	2
3	745000003	218	2
2	945000002	188	2
0	823000000	205	2
1	789000001	206	2
2	946000002	188	2
3	746000003	218	2
0	824000000	205	2
2	947000002	188	2
1	790000001	206	2
3	747000003	218	2
0	825000000	205	2
2	948000002	188	2
1	791000001	206	2
3	748000003	218	2
2	950000002	187	2
0	826000000	205	2
1	792000001	206	2
0	827000000	204	2
3	749000003	218	2
2	951000002	187	2
1	793000001	205	2
0	828000000	204	2
2	952000002	187	2
1	794000001	205	2
3	750000003	225	2
2	953000002	187	2
1	795000001	205	2
0	829000000	204	2
1	796000001	205	2
3	751000003	217	2
2	954000002	186	2
0	830000000	204	2
2	955000002	186	2
3	752000003	217	2
1	797000001	205	2
0	831000000	204	2
2	956000002	186	2
3	753000003	217	2
1	798000001	204	2
2	958000002	186	2
1	799000001	204	2
2	959000002	185	2
1	800000001	204	2
2	960000002	185	2
3	754000003	243	3
1	801000001	204	2
3	755000003	216	2
1	802000001	203	2
2	961000002	226	3
0	834000000	554	3
2	962000002	185	2
1	803000001	203	2
3	757000003	216	2
0	835000000	203	2
2	963000002	185	2
1	805000001	203	2
3	758000003	216	2
2	964000002	184	2
0	836000000	219	3
1	806000001	203	2
3	759000003	215	2
2	965000002	184	2
0	838000000	203	2
1	807000001	203	2
2	966000002	184	2
3	760000003	215	2
0	839000000	202	2
1	808000001	203	2
2	967000002	220	2
3	761000003	215	2
0	840000000	202	2
2	968000002	183	2
3	762000003	214	2
0	841000000	201	2
1	809000001	211	3
2	969000002	183	2
3	763000003	214	2
0	842000000	201	2
1	810000001	202	2
2	970000002	183	2
3	764000003	214	2
0	843000000	201	2
1	811000001	202	2
3	765000003	214	2
0	844000000	201	2
1	812000001	202	2
2	971000002	193	3
3	766000003	214	2
1	813000001	202	2
0	845000000	201	2
2	972000002	182	2
3	767000003	214	2
0	846000000	201	2
2	973000002	182	2
3	768000003	213	2
3	769000003	213	2
3	770000003	213	2
2	974000002	369	3
3	771000003	213	2
2	975000002	182	2
3	772000003	213	2
2	976000002	182	2
1	814000001	401	4
3	773000003	212	2
2	977000002	181	2
1	815000001	202	2
3	774000003	212	2
2	978000002	180	2
1	817000001	219	2
3	775000003	212	2
2	979000002	180	2
1	818000001	201	2
2	980000002	180	2
3	776000003	212	2
1	819000001	201	2
2	981000002	180	2
0	847000000	879	3
3	777000003	211	2
1	821000001	201	2
2	982000002	180	2
0	848000000	200	2
3	778000003	211	2
1	822000001	201	2
2	983000002	179	2
0	849000000	200	2
3	779000003	211	2
2	984000002	179	2
1	823000001	201	2
0	850000000	200	2
3	780000003	211	2
2	985000002	179	2
1	824000001	200	2
0	851000000	199	2
3	781000003	211	2
2	986000002	179	2
1	825000001	200	2
0	852000000	199	2
3	782000003	211	2
2	987000002	179	2
1	826000001	200	2
0	853000000	199	2
2	988000002	179	2
3	783000003	211	2
0	854000000	199	2
1	827000001	200	2
2	989000002	179	2
3	785000003	210	2
0	855000000	199	2
1	828000001	200	2
2	990000002	220	3
3	786000003	210	2
0	856000000	220	2
3	787000003	210	2
0	857000000	198	2
2	991000002	399	2
3	788000003	210	2
0	858000000	198	2
2	992000002	178	2
0	859000000	197	2
3	789000003	230	3
2	994000002	178	2
0	860000000	197	2
3	790000003	209	2
2	995000002	220	3
0	861000000	197	2
3	791000003	209	2
2	996000002	178	2
3	792000003	209	2
2	997000002	177	2
1	829000001	631	3
3	793000003	209	2
2	999000002	177	2
1	830000001	200	2
2	1000000002	176	2
3	794000003	209	2
2	1001000002	176	2
1	831000001	200	2
3	795000003	208	2
2	1002000002	176	2
1	832000001	200	2
3	796000003	208	2
2	1003000002	175	2
3	797000003	539	2
1	833000001	314	4
3	798000003	207	2
1	834000001	199	2
3	799000003	207	2
3	800000003	207	2
1	836000001	202	4
3	801000003	207	2
1	837000001	199	2
2	1005000002	642	3
3	802000003	207	2
1	838000001	199	2
2	1006000002	174	2
3	803000003	207	2
2	1007000002	174	2
1	839000001	199	2
3	804000003	207	2
2	1008000002	173	2
1	840000001	199	2
3	805000003	206	2
2	1009000002	173	2
1	841000001	198	2
3	806000003	206	2
2	1011000002	173	2
2	1012000002	172	2
2	1013000002	172	2
1	842000001	204	3
3	807000003	319	3
2	1015000002	172	2
1	843000001	198	2
3	808000003	206	2
2	1016000002	171	2
1	844000001	198	2
3	810000003	206	2
2	1017000002	170	2
0	862000000	1856	3
1	845000001	198	2
3	811000003	206	2
2	1018000002	170	2
0	863000000	196	2
1	846000001	198	2
2	1019000002	170	2
3	813000003	205	2
0	864000000	196	2
2	1020000002	170	2
1	848000001	198	2
0	865000000	196	2
3	814000003	205	2
2	1022000002	169	2
1	849000001	198	2
0	866000000	195	2
2	1023000002	169	2
1	850000001	197	2
0	867000000	195	2
3	815000003	236	3
2	1024000002	169	2
0	868000000	195	2
3	816000003	204	2
1	851000001	197	2
2	1025000002	169	2
0	869000000	195	2
3	817000003	204	2
1	852000001	197	2
2	1027000002	168	2
0	870000000	214	2
3	818000003	204	2
1	853000001	197	2
2	1029000002	168	2
0	871000000	194	2
3	819000003	204	2
1	854000001	197	2
3	821000003	204	2
1	855000001	196	2
2	1031000002	171	3
3	822000003	204	2
1	856000001	196	2
3	823000003	204	2
1	857000001	196	2
2	1032000002	453	2
3	824000003	204	2
1	858000001	196	2
0	872000000	244	5
2	1033000002	166	2
3	825000003	204	2
1	859000001	195	2
2	1034000002	165	2
0	873000000	193	2
2	1035000002	165	2
3	826000003	203	2
1	860000001	195	2
0	874000000	193	2
2	1036000002	165	2
3	827000003	203	2
0	875000000	193	2
1	861000001	195	2
2	1038000002	165	2
3	828000003	203	2
1	862000001	195	2
2	1039000002	164	2
3	829000003	203	2
2	1040000002	164	2
1	863000001	205	3
3	830000003	203	2
2	1041000002	163	2
2	1042000002	163	2
3	831000003	203	2
0	876000000	429	3
1	864000001	235	3
2	1043000002	210	2
3	832000003	203	2
0	877000000	193	2
1	865000001	195	2
3	833000003	203	2
0	878000000	193	2
1	866000001	195	2
3	834000003	203	2
2	1044000002	182	3
0	879000000	193	2
2	1045000002	162	2
1	867000001	195	2
3	835000003	202	2
0	880000000	192	2
2	1046000002	162	2
1	868000001	195	2
3	836000003	202	2
0	882000000	192	2
1	869000001	194	2
2	1047000002	161	2
3	837000003	202	2
0	884000000	192	2
2	1048000002	161	2
1	870000001	194	2
2	1049000002	160	2
3	838000003	202	2
0	885000000	192	2
2	1050000002	160	2
3	839000003	202	2
3	840000003	201	2
0	886000000	211	3
1	871000001	528	3
2	1051000002	275	3
3	841000003	201	2
0	887000000	191	2
2	1052000002	160	2
1	872000001	193	2
2	1054000002	160	2
0	888000000	191	2
3	842000003	201	2
1	873000001	193	2
2	1055000002	159	2
0	889000000	191	2
3	843000003	201	2
1	874000001	193	2
2	1056000002	159	2
0	890000000	191	2
1	875000001	193	2
2	1057000002	159	2
3	844000003	201	2
2	1058000002	159	2
0	891000000	191	2
1	876000001	192	2
3	845000003	200	2
2	1059000002	158	2
0	892000000	191	2
1	877000001	192	2
3	846000003	200	2
2	1060000002	158	2
1	878000001	191	2
0	893000000	220	2
2	1061000002	158	2
0	894000000	191	2
2	1062000002	158	2
1	879000001	249	3
0	895000000	190	2
2	1063000002	157	2
1	880000001	191	2
0	896000000	190	2
1	881000001	191	2
0	897000000	190	2
0	898000000	190	2
1	882000001	191	2
0	899000000	220	2
1	883000001	191	2
2	1064000002	393	3
0	900000000	189	2
1	884000001	191	2
2	1065000002	155	2
2	1066000002	155	2
1	886000001	191	2
2	1067000002	154	2
0	901000000	196	3
1	887000001	191	2
3	847000003	632	3
2	1068000002	154	2
3	848000003	199	2
1	888000001	220	3
3	849000003	199	2
1	890000001	190	2
3	850000003	199	2
1	891000001	190	2
0	902000000	423	3
1	892000001	190	2
2	1069000002	432	3
1	893000001	190	2
0	903000000	189	2
2	1070000002	153	2
1	895000001	190	2
3	851000003	341	3
0	904000000	189	2
1	896000001	190	2
2	1071000002	197	3
3	852000003	199	2
0	905000000	189	2
2	1072000002	152	2
1	897000001	189	2
3	853000003	199	2
0	906000000	189	2
1	898000001	189	2
3	854000003	199	2
1	899000001	189	2
2	1073000002	289	3
0	907000000	208	3
3	855000003	199	2
1	901000001	188	2
2	1074000002	152	2
0	908000000	189	2
3	856000003	199	2
1	902000001	188	2
2	1075000002	152	2
0	909000000	188	2
2	1076000002	151	2
1	903000001	188	2
2	1077000002	150	2
1	904000001	188	2
3	857000003	249	3
0	910000000	188	2
2	1078000002	150	2
1	905000001	187	2
3	858000003	198	2
2	1079000002	149	2
1	906000001	187	2
3	859000003	198	2
2	1080000002	149	2
0	911000000	227	4
1	907000001	187	2
2	1081000002	149	2
3	860000003	198	2
0	912000000	188	2
2	1082000002	148	2
1	908000001	187	2
3	861000003	198	2
0	913000000	187	2
2	1084000002	148	2
1	909000001	187	2
2	1085000002	148	2
3	862000003	251	2
0	914000000	187	2
1	910000001	187	2
2	1086000002	147	2
3	863000003	198	2
0	915000000	187	2
1	911000001	187	2
2	1087000002	147	2
3	864000003	198	2
2	1088000002	147	2
1	912000001	187	2
2	1089000002	146	2
3	865000003	198	2
0	916000000	207	3
1	913000001	186	2
2	1090000002	146	2
3	866000003	198	2
0	917000000	186	2
1	914000001	186	2
2	1091000002	145	2
3	867000003	197	2
1	915000001	186	2
3	868000003	197	2
0	918000000	187	3
0	919000000	186	2
1	917000001	185	2
3	869000003	197	2
2	1092000002	353	3
0	920000000	186	2
1	918000001	185	2
3	870000003	196	2
2	1093000002	145	2
0	921000000	186	2
1	919000001	184	2
3	871000003	196	2
2	1095000002	144	2
0	922000000	186	2
1	921000001	184	2
2	1097000002	144	2
3	872000003	196	2
0	923000000	185	2
2	1098000002	144	2
1	922000001	184	2
3	873000003	195	2
0	924000000	185	2
1	923000001	183	2
3	874000003	195	2
1	924000001	183	2
0	925000000	185	2
3	875000003	195	2
2	1099000002	253	3
1	925000001	183	2
2	1100000002	143	2
3	876000003	195	2
1	926000001	182	2
2	1101000002	143	2
3	877000003	195	2
2	1102000002	143	2
0	927000000	221	3
1	927000001	182	2
2	1103000002	143	2
0	929000000	185	2
1	928000001	182	2
3	878000003	201	2
2	1104000002	143	2
0	930000000	185	2
1	929000001	181	2
2	1105000002	142	2
3	879000003	195	2
2	1107000002	140	2
0	931000000	185	2
1	931000001	181	2
3	880000003	195	2
2	1108000002	139	2
0	932000000	185	2
1	932000001	181	2
2	1109000002	139	2
3	881000003	194	2
2	1110000002	138	2
1	934000001	181	2
2	1111000002	137	2
1	935000001	180	2
3	882000003	211	3
2	1112000002	137	2
1	936000001	180	2
2	1114000002	136	2
1	937000001	180	2
2	1115000002	136	2
0	933000000	235	3
1	938000001	180	2
3	884000003	331	2
2	1116000002	135	2
1	939000001	179	2
2	1117000002	135	2
3	885000003	194	2
0	934000000	185	2
1	940000001	179	2
2	1118000002	134	2
3	886000003	194	2
0	935000000	184	2
1	942000001	179	2
2	1119000002	134	2
3	888000003	193	2
0	936000000	184	2
2	1120000002	134	2
3	890000003	193	2
1	943000001	187	3
2	1121000002	133	2
0	937000000	184	2
3	891000003	193	2
2	1122000002	133	2
1	944000001	183	3
3	892000003	193	2
0	938000000	195	3
0	941000000	183	2
2	1124000002	290	3
1	945000001	325	2
3	893000003	224	2
2	1125000002	130	2
1	946000001	179	2
2	1126000002	130	2
3	894000003	193	2
2	1127000002	130	2
1	947000001	179	2
2	1129000002	130	2
3	895000003	193	2
0	942000000	202	3
1	948000001	179	2
2	1130000002	129	2
3	896000003	193	2
0	943000000	182	2
1	949000001	179	2
0	944000000	182	2
3	898000003	192	2
1	951000001	178	2
1	952000001	178	2
3	899000003	236	3
0	945000000	209	3
1	953000001	178	2
3	900000003	192	2
1	954000001	178	2
3	901000003	192	2
1	955000001	178	2
2	1131000002	482	3
3	902000003	192	2
1	956000001	178	2
2	1132000002	161	2
3	903000003	192	2
1	957000001	177	2
2	1133000002	129	2
1	958000001	177	2
3	904000003	192	2
2	1134000002	129	2
0	946000000	506	3
2	1135000002	129	2
3	905000003	191	2
1	959000001	177	2
0	947000000	182	2
2	1137000002	128	2
3	906000003	191	2
1	960000001	177	2
2	1138000002	128	2
0	948000000	182	2
2	1139000002	128	2
3	907000003	191	2
1	961000001	176	2
0	949000000	182	2
2	1140000002	127	2
3	908000003	192	2
1	962000001	176	2
0	950000000	181	2
2	1141000002	126	2
3	909000003	191	2
2	1142000002	126	2
0	951000000	181	2
2	1143000002	126	2
3	910000003	191	2
0	952000000	181	2
2	1144000002	125	2
3	911000003	191	2
2	1145000002	124	2
0	953000000	181	2
2	1146000002	124	2
3	912000003	200	2
2	1147000002	122	2
0	954000000	181	2
3	913000003	190	2
3	914000003	190	2
2	1148000002	195	3
0	955000000	259	3
2	1150000002	120	2
3	915000003	190	2
0	956000000	181	2
2	1151000002	119	2
3	916000003	189	2
0	957000000	181	2
1	963000001	972	3
3	917000003	189	2
0	958000000	181	2
1	964000001	175	2
3	918000003	189	2
0	959000000	180	2
2	1152000002	313	3
1	965000001	175	2
0	960000000	180	2
2	1154000002	119	2
3	919000003	189	2
1	966000001	174	2
2	1155000002	119	2
1	967000001	174	2
3	920000003	189	2
2	1156000002	119	2
0	961000000	210	2
2	1158000002	118	2
1	968000001	174	2
0	963000000	179	2
3	921000003	188	2
2	1159000002	118	2
1	969000001	174	2
2	1160000002	117	2
0	964000000	179	2
3	922000003	188	2
2	1161000002	117	2
1	970000001	173	2
0	965000000	179	2
2	1162000002	117	2
3	923000003	188	2
1	971000001	173	2
2	1163000002	117	2
0	966000000	179	2
2	1164000002	116	2
1	972000001	173	2
2	1165000002	116	2
0	967000000	179	2
3	924000003	220	3
1	973000001	173	2
2	1166000002	116	2
2	1167000002	115	2
3	926000003	187	2
0	968000000	178	2
1	974000001	173	2
2	1170000002	114	2
2	1171000002	113	2
1	975000001	172	2
3	927000003	187	2
0	969000000	178	2
2	1172000002	113	2
0	970000000	178	2
1	976000001	172	2
3	928000003	187	2
2	1173000002	112	2
1	977000001	172	2
0	971000000	178	2
3	929000003	187	2
2	1174000002	113	3
1	978000001	171	2
0	972000000	177	2
3	930000003	187	2
2	1175000002	112	2
2	1176000002	112	2
0	973000000	177	2
1	979000001	171	2
3	931000003	187	2
2	1177000002	111	2
0	974000000	177	2
1	980000001	171	2
2	1178000002	110	2
3	932000003	187	2
2	1179000002	110	2
1	981000001	171	2
0	975000000	177	2
3	933000003	187	2
0	976000000	177	2
3	934000003	187	2
1	982000001	309	2
2	1180000002	336	2
0	977000000	176	2
3	935000003	187	2
2	1181000002	110	2
1	983000001	170	2
0	978000000	176	2
2	1182000002	109	2
3	936000003	186	2
2	1183000002	108	2
1	984000001	170	2
0	979000000	175	2
2	1184000002	108	2
3	937000003	188	2
1	985000001	169	2
2	1185000002	108	2
0	980000000	175	2
3	938000003	186	2
1	986000001	169	2
2	1186000002	108	2
0	981000000	175	2
2	1187000002	108	2
3	939000003	186	2
1	987000001	169	2
2	1188000002	107	2
3	940000003	186	2
2	1189000002	107	2
1	988000001	169	2
0	982000000	241	3
2	1190000002	106	2
3	941000003	186	2
2	1193000002	106	2
1	989000001	238	2
0	983000000	172	2
3	942000003	185	2
2	1195000002	105	2
1	990000001	168	2
2	1196000002	105	2
0	984000000	172	2
3	943000003	185	2
2	1198000002	104	2
0	985000000	172	2
1	991000001	168	2
2	1199000002	104	2
3	944000003	185	2
1	992000001	168	2
0	986000000	172	2
2	1200000002	104	2
3	945000003	185	2
2	1202000002	103	2
1	993000001	167	2
2	1203000002	103	2
3	946000003	185	2
1	994000001	167	2
1	995000001	167	2
0	987000000	386	3
1	996000001	167	2
2	1204000002	276	2
2	1206000002	102	2
1	997000001	166	2
3	947000003	295	3
0	988000000	238	2
1	998000001	166	2
3	948000003	185	2
0	989000000	172	2
1	999000001	165	2
0	990000000	172	2
3	949000003	184	2
1	1000000001	165	2
0	991000000	171	2
3	950000003	220	2
1	1001000001	165	2
0	992000000	171	2
3	951000003	184	2
0	993000000	170	2
3	952000003	184	2
2	1207000002	386	3
0	995000000	170	2
3	953000003	183	2
2	1208000002	101	2
0	996000000	170	2
2	1210000002	100	2
2	1211000002	99	2
3	954000003	183	2
2	1212000002	98	2
0	998000000	176	2
2	1213000002	98	2
3	956000003	183	2
2	1214000002	98	2
0	999000000	168	2
2	1216000002	96	2
3	957000003	183	2
2	1217000002	96	2
0	1001000000	168	2
3	958000003	182	2
2	1219000002	220	2
0	1002000000	167	2
3	959000003	182	2
2	1222000002	95	2
0	1003000000	168	2
2	1223000002	95	2
2	1225000002	94	2
0	1004000000	166	2
2	1226000002	94	2
0	1005000000	166	2
2	1228000002	93	2
3	960000003	185	3
1	1002000001	912	3
2	1229000002	93	2
0	1006000000	166	2
2	1230000002	93	2
1	1003000001	164	2
3	961000003	182	2
1	1004000001	163	2
3	962000003	181	2
1	1005000001	163	2
0	1007000000	191	3
1	1006000001	163	2
0	1008000000	165	2
1	1009000001	162	2
0	1009000000	165	2
3	963000003	459	2
3	964000003	180	2
3	965000003	180	2
1	1011000001	471	3
0	1010000000	171	3
3	966000003	180	2
0	1011000000	220	2
1	1012000001	177	3
0	1012000000	162	2
1	1013000001	162	2
3	967000003	226	2
0	1013000000	162	2
1	1014000001	161	2
3	968000003	179	2
0	1014000000	161	2
1	1016000001	161	2
3	969000003	179	2
1	1017000001	161	2
3	970000003	190	2
1	1018000001	161	2
3	971000003	179	2
1	1019000001	160	2
0	1015000000	340	3
1	1020000001	160	2
3	972000003	178	2
0	1016000000	160	2
3	973000003	178	2
1	1021000001	160	2
0	1017000000	160	2
1	1022000001	160	2
3	974000003	178	2
0	1018000000	159	2
1	1023000001	160	2
0	1019000000	159	2
3	975000003	178	2
1	1024000001	160	2
0	1020000000	158	2
3	976000003	178	2
0	1021000000	158	2
1	1025000001	159	2
3	977000003	177	2
0	1022000000	158	2
3	978000003	177	2
0	1023000000	157	2
1	1026000001	178	2
3	979000003	177	2
0	1024000000	156	2
3	980000003	177	2
1	1027000001	159	2
1	1028000001	159	2
3	981000003	177	2
0	1025000000	156	2
1	1029000001	159	2
0	1027000000	155	2
3	982000003	177	2
1	1030000001	159	2
0	1028000000	155	2
3	983000003	176	2
1	1031000001	159	2
0	1029000000	162	2
1	1032000001	159	2
0	1031000000	153	2
1	1033000001	158	2
3	984000003	216	3
0	1032000000	153	2
1	1034000001	158	2
3	985000003	176	2
1	1035000001	158	2
0	1033000000	174	2
1	1036000001	158	2
0	1034000000	153	2
3	987000003	192	3
0	1035000000	152	2
1	1037000001	158	2
3	988000003	175	2
1	1038000001	158	2
3	989000003	174	2
1	1039000001	158	2
1	1040000001	157	2
1	1041000001	157	2
1	1042000001	157	2
3	990000003	444	2
1	1043000001	157	2
3	991000003	173	2
1	1044000001	157	2
3	992000003	173	2
3	993000003	173	2
0	1039000000	416	3
0	1040000000	149	2
0	1041000000	149	2
3	994000003	482	3
0	1042000000	149	2
3	995000003	172	2
3	996000003	172	2
0	1043000000	302	3
3	997000003	171	2
0	1044000000	148	2
3	998000003	170	2
0	1045000000	148	2
3	999000003	169	2
0	1046000000	147	2
3	1000000003	169	2
0	1047000000	147	2
3	1001000003	169	2
0	1048000000	147	2
3	1002000003	168	2
0	1049000000	147	2
3	1003000003	168	2
3	1004000003	167	2
1	1046000001	1167	3
3	1005000003	167	2
1	1048000001	155	2
3	1006000003	167	2
1	1051000001	154	2
1	1052000001	154	2
3	1007000003	167	2
1	1053000001	153	2
3	1008000003	167	2
1	1054000001	153	2
3	1009000003	167	2
1	1055000001	152	2
3	1010000003	166	2
3	1011000003	166	2
3	1012000003	166	2
1	1056000001	304	3
1	1059000001	151	2
3	1013000003	166	2
1	1060000001	151	2
3	1014000003	166	2
3	1015000003	165	2
3	1016000003	165	2
1	1061000001	184	3
3	1017000003	165	2
1	1063000001	151	2
1	1064000001	154	3
0	1050000000	1162	3
3	1018000003	168	3
1	1065000001	149	2
3	1019000003	164	2
0	1051000000	146	2
3	1020000003	164	2
0	1052000000	146	2
1	1066000001	220	3
3	1021000003	163	2
0	1053000000	146	2
1	1068000001	148	2
3	1022000003	163	2
0	1054000000	146	2
1	1069000001	148	2
3	1023000003	163	2
0	1058000000	144	2
1	1070000001	148	2
3	1024000003	163	2
0	1059000000	143	2
1	1071000001	148	2
3	1025000003	162	2
0	1060000000	143	2
3	1026000003	162	2
0	1061000000	143	2
3	1027000003	162	2
0	1062000000	143	2
3	1028000003	162	2
0	1063000000	142	2
0	1064000000	142	2
3	1029000003	162	2
1	1072000001	364	3
0	1066000000	142	2
3	1030000003	161	2
1	1073000001	146	2
0	1067000000	142	2
3	1031000003	161	2
1	1074000001	145	2
0	1068000000	142	2
3	1032000003	161	2
1	1075000001	145	2
0	1069000000	141	2
3	1033000003	161	2
1	1076000001	145	2
0	1070000000	141	2
3	1034000003	160	2
1	1078000001	144	2
0	1072000000	140	2
1	1079000001	144	2
0	1073000000	140	2
1	1080000001	144	2
0	1074000000	140	2
1	1081000001	144	2
0	1075000000	139	2
1	1082000001	143	2
0	1076000000	139	2
1	1083000001	143	2
0	1077000000	139	2
1	1084000001	143	2
0	1078000000	139	2
1	1085000001	143	2
0	1079000000	139	2
1	1087000001	143	2
0	1080000000	138	2
1	1089000001	141	2
1	1090000001	141	2
1	1091000001	141	2
0	1082000000	142	3
1	1092000001	141	2
0	1083000000	151	2
0	1085000000	153	3
1	1093000001	327	3
0	1086000000	135	2
0	1087000000	134	2
1	1094000001	139	2
1	1095000001	139	2
1	1096000001	138	2
1	1097000001	138	2
1	1099000001	137	2
0	1088000000	182	3
1	1102000001	136	2
0	1089000000	134	2
1	1104000001	136	2
0	1090000000	134	2
1	1105000001	135	2
0	1091000000	319	4
0	1092000000	132	2
1	1106000001	419	3
0	1093000000	132	2
1	1107000001	134	2
0	1094000000	132	2
1	1110000001	133	2
0	1097000000	131	2
1	1111000001	131	2
0	1099000000	215	3
0	1101000000	129	2
1	1112000001	741	3
0	1102000000	811	3
1	1113000001	131	2
0	1103000000	129	2
0	1104000000	129	2
1	1114000001	151	3
0	1105000000	129	2
1	1115000001	131	2
0	1106000000	129	2
1	1116000001	130	2
0	1107000000	128	2
1	1117000001	128	2
0	1109000000	127	2
1	1118000001	128	2
0	1110000000	127	2
1	1119000001	128	2
0	1111000000	127	2
0	1113000000	125	2
1	1120000001	128	2
0	1114000000	125	2
1	1121000001	128	2
0	1115000000	125	2
1	1122000001	127	2
0	1117000000	124	2
0	1118000000	124	2
1	1123000001	127	2
0	1119000000	123	2
1	1124000001	127	2
0	1120000000	123	2
1	1125000001	127	2
0	1121000000	122	2
1	1126000001	127	2
0	1122000000	121	2
0	1123000000	121	2
1	1127000001	126	2
0	1125000000	120	2
1	1129000001	126	2
1	1130000001	125	2
0	1127000000	120	2
1	1131000001	124	2
0	1128000000	120	2
1	1132000001	124	2
0	1129000000	120	2
0	1130000000	118	2
0	1132000000	118	2
1	1133000001	133	3
0	1134000000	117	2
1	1134000001	122	2
3	1035000003	3771	3
1	1136000001	121	2
3	1036000003	160	2
1	1137000001	121	2
3	1037000003	159	2
1	1138000001	121	2
3	1039000003	158	2
1	1140000001	120	2
3	1040000003	158	2
3	1041000003	158	2
0	1135000000	334	3
0	1136000000	116	2
3	1042000003	157	2
1	1141000001	361	2
0	1137000000	116	2
1	1142000001	119	2
3	1043000003	157	2
0	1138000000	116	2
1	1143000001	118	2
3	1044000003	157	2
0	1139000000	116	2
1	1144000001	118	2
0	1140000000	115	2
1	1145000001	118	2
3	1045000003	157	2
0	1141000000	115	2
1	1146000001	117	2
1	1147000001	117	2
0	1142000000	120	2
1	1148000001	117	2
0	1143000000	114	2
1	1149000001	117	2
0	1144000000	114	2
1	1150000001	116	2
0	1145000000	114	2
1	1152000001	115	2
0	1146000000	113	2
1	1153000001	115	2
0	1147000000	113	2
1	1154000001	115	2
1	1155000001	284	3
1	1156000001	113	2
0	1148000000	299	3
1	1157000001	113	2
0	1149000000	112	2
1	1158000001	113	2
1	1159000001	113	2
0	1150000000	147	2
0	1151000000	111	2
0	1152000000	110	2
1	1160000001	129	3
0	1153000000	110	2
1	1161000001	110	2
0	1154000000	110	2
1	1163000001	110	2
0	1155000000	109	2
1	1164000001	220	2
0	1156000000	109	2
1	1165000001	109	2
0	1157000000	109	2
0	1158000000	109	2
0	1159000000	109	2
0	1160000000	108	2
0	1163000000	107	2
0	1164000000	107	2
0	1165000000	107	2
0	1167000000	107	2
0	1168000000	106	2
0	1169000000	105	2
0	1170000000	105	2
0	1171000000	104	2
0	1172000000	103	2
0	1173000000	103	2
0	1174000000	103	2
0	1175000000	103	2
0	1176000000	102	2
0	1177000000	151	3
0	1178000000	102	2
0	1179000000	101	2
0	1180000000	112	2
0	1181000000	101	2
0	1182000000	100	2
0	1183000000	100	2
0	1184000000	100	2
0	1185000000	100	2
0	1186000000	100	2
0	1187000000	99	2
0	1188000000	99	2
0	1189000000	99	2
0	1190000000	98	2
0	1191000000	98	2
3	1046000003	1277	3
0	1192000000	98	2
0	1193000000	98	2
3	1047000003	156	2
0	1194000000	98	2
3	1048000003	156	2
0	1196000000	98	2
0	1197000000	98	2
0	1199000000	97	2
3	1049000003	220	3
0	1201000000	97	2
0	1202000000	96	2
3	1050000003	156	2
0	1203000000	96	2
3	1051000003	156	2
0	1204000000	96	2
0	1205000000	95	2
3	1052000003	156	2
0	1206000000	95	2
0	1207000000	95	2
3	1054000003	162	2
0	1208000000	94	2
3	1056000003	154	2
0	1209000000	93	2
3	1058000003	154	2
3	1059000003	162	3
3	1060000003	154	2
3	1061000003	153	2
3	1063000003	164	3
3	1064000003	152	2
3	1065000003	150	2
3	1066000003	150	2
3	1067000003	150	2
3	1068000003	149	2
3	1069000003	149	2
3	1070000003	148	2
3	1071000003	148	2
3	1072000003	148	2
3	1073000003	148	2
3	1074000003	147	2
3	1075000003	147	2
3	1076000003	146	2
3	1077000003	146	2
3	1078000003	377	3
3	1079000003	145	2
3	1082000003	144	2
3	1083000003	143	2
3	1084000003	143	2
3	1085000003	143	2
3	1087000003	142	2
3	1088000003	142	2
3	1089000003	141	2
3	1090000003	182	3
3	1091000003	141	2
3	1093000003	140	2
3	1094000003	139	2
3	1097000003	139	2
3	1098000003	139	2
3	1099000003	138	2
3	1100000003	138	2
3	1101000003	137	2
3	1102000003	137	2
3	1103000003	136	2
3	1104000003	136	2
3	1105000003	252	2
3	1107000003	134	2
3	1108000003	134	2
3	1109000003	134	2
3	1110000003	133	2
3	1112000003	133	2
3	1113000003	132	2
3	1114000003	132	2
3	1115000003	132	2
3	1117000003	131	2
3	1118000003	131	2
3	1119000003	131	2
3	1120000003	130	2
3	1121000003	130	2
3	1122000003	130	2
3	1123000003	130	2
3	1125000003	127	2
3	1127000003	127	2
3	1129000003	125	2
3	1131000003	124	2
3	1133000003	124	2
3	1135000003	123	2
3	1136000003	122	2
3	1137000003	122	2
3	1138000003	169	3
3	1139000003	120	2
3	1140000003	120	2
3	1141000003	119	2
3	1142000003	119	2
3	1143000003	118	2
3	1144000003	117	2
3	1145000003	115	2
3	1146000003	115	2
3	1147000003	115	2
3	1148000003	123	3
3	1149000003	114	2
3	1150000003	112	2
3	1151000003	111	2
3	1153000003	227	3
3	1155000003	110	2
3	1156000003	110	2
3	1157000003	110	2
3	1159000003	109	2
3	1161000003	109	2
3	1163000003	109	2
3	1164000003	108	2
3	1166000003	107	2
3	1167000003	106	2
3	1169000003	106	2
3	1170000003	105	2
3	1172000003	105	2
3	1174000003	105	2
3	1175000003	104	2
3	1176000003	104	2
3	1177000003	104	2
3	1178000003	103	2
3	1179000003	102	2
3	1181000003	101	2
3	1183000003	99	2
3	1184000003	131	3
3	1185000003	99	2
3	1187000003	98	2
3	1188000003	98	2
3	1189000003	98	2
3	1191000003	97	2
3	1192000003	143	2
3	1193000003	198	3
3	1195000003	95	2
3	1196000003	129	2
3	1197000003	94	2
3	1198000003	94	2
3	1199000003	94	2
3	1200000003	93	2
3	1201000003	93	2
1	1166000001	11208	3
1	1167000001	108	2
1	1168000001	108	2
1	1169000001	108	2
1	1170000001	107	2
1	1171000001	107	2
1	1172000001	106	2
1	1173000001	106	2
1	1174000001	105	2
1	1176000001	233	2
1	1178000001	103	2
1	1179000001	120	3
1	1180000001	348	4
1	1181000001	102	2
1	1183000001	100	2
1	1184000001	100	2
1	1185000001	99	2
1	1186000001	98	2
1	1187000001	146	3
1	1188000001	98	2
1	1189000001	98	2
1	1190000001	97	2
1	1191000001	97	2
1	1194000001	371	3
1	1195000001	96	2
1	1196000001	96	2
1	1197000001	96	2
1	1199000001	95	2
1	1201000001	94	2
1	1203000001	94	2
1	1204000001	94	2
1	1206000001	145	2
1	1207000001	93	2
